A = [-1.0842e-19 -6.60259e-06 -1.32903e-05 -1.35024e-05 -1.37145e-05 -1.4286e-05 -1.48574e-05 -1.54289e-05 -1.60003e-05 -0.50001 -1 -1.5 -1.99999 -2.49999 -2.99998 -3.49997 -3.99997 
-1.01644e-19 -1.68977e-09 -6.64517e-06 -8.46552e-06 -1.02859e-05 -1.12145e-05 -1.21431e-05 -1.30717e-05 -1.40003e-05 -0.500008 -1 -1.5 -1.99999 -2.49999 -2.99998 -3.49997 -3.99997 
-9.48677e-20 -1.68016e-09 -1.26736e-14 -3.42863e-06 -6.85725e-06 -8.143e-06 -9.42875e-06 -1.07145e-05 -1.20003e-05 -0.500007 -1 -1.5 -1.99999 -2.49998 -2.99998 -3.49997 -3.99997 
-8.80914e-20 -2.47384e-09 -1.56138e-14 -1.71431e-06 -3.42863e-06 -5.07152e-06 -6.71442e-06 -8.35731e-06 -1.00002e-05 -0.500005 -1 -1.49999 -1.99999 -2.49998 -2.99998 -3.49997 -3.99997 
-8.13152e-20 -3.22336e-09 -1.85541e-14 -9.27708e-15 -9.15317e-20 -2.00004e-06 -4.00008e-06 -6.00013e-06 -8.00017e-06 -0.500003 -0.999998 -1.49999 -1.99999 -2.49998 -2.99998 -3.49997 -3.99997 
-7.45389e-20 -3.83234e-09 -2.36485e-14 -1.18243e-14 -1.20546e-19 -1.50003e-06 -3.00006e-06 -4.50009e-06 -6.00013e-06 -0.500001 -0.999997 -1.49999 -1.99999 -2.49998 -2.99998 -3.49997 -3.99997 
-6.77626e-20 -4.365e-09 -2.8743e-14 -1.43716e-14 -1.4956e-19 -1.00002e-06 -2.00004e-06 -3.00006e-06 -4.00008e-06 -0.499999 -0.999995 -1.49999 -1.99999 -2.49998 -2.99998 -3.49997 -3.99997 
-6.09864e-20 -4.72544e-09 -3.20922e-14 -1.60462e-14 -1.78574e-19 -5.00011e-07 -1.00002e-06 -1.50003e-06 -2.00004e-06 -0.499998 -0.999994 -1.49999 -1.99998 -2.49998 -2.99998 -3.49997 -3.99997 
-5.42101e-20 -4.93774e-09 -3.54413e-14 -1.77208e-14 -2.07589e-19 -1.55692e-19 -1.03795e-19 -5.18976e-20 -6.60085e-25 -0.499996 -0.999992 -1.49999 -1.99998 -2.49998 -2.99998 -3.49997 -3.99997 
-4.74338e-20 -4.72558e-09 -3.54418e-14 -1.7721e-14 -2.19685e-19 -5.00011e-07 -1.00002e-06 -1.50003e-06 -2.00004e-06 -0.499998 -0.999994 -1.49999 -1.99998 -2.49998 -2.99998 -3.49997 -3.99997 
-4.06576e-20 -4.36438e-09 -3.54423e-14 -1.77213e-14 -2.31781e-19 -1.00002e-06 -2.00004e-06 -3.00006e-06 -4.00008e-06 -0.499999 -0.999995 -1.49999 -1.99999 -2.49998 -2.99998 -3.49997 -3.99997 
-3.38813e-20 -3.83271e-09 -3.2094e-14 -1.60471e-14 -2.43877e-19 -1.50003e-06 -3.00006e-06 -4.50009e-06 -6.00013e-06 -0.500001 -0.999997 -1.49999 -1.99999 -2.49998 -2.99998 -3.49997 -3.99997 
-2.71051e-20 -3.22242e-09 -2.87457e-14 -1.4373e-14 -2.55973e-19 -2.00004e-06 -4.00008e-06 -6.00013e-06 -8.00017e-06 -0.500003 -0.999998 -1.49999 -1.99999 -2.49998 -2.99998 -3.49997 -3.99997 
-2.03288e-20 -2.47418e-09 -2.36511e-14 -1.71431e-06 -3.42862e-06 -5.07152e-06 -6.71442e-06 -8.35731e-06 -1.00002e-05 -0.500005 -1 -1.49999 -1.99999 -2.49998 -2.99998 -3.49997 -3.99997 
-1.35525e-20 -1.67961e-09 -1.85566e-14 -3.42862e-06 -6.85725e-06 -8.143e-06 -9.42875e-06 -1.07145e-05 -1.20003e-05 -0.500007 -1 -1.5 -1.99999 -2.49998 -2.99998 -3.49997 -3.99997 
-6.77626e-21 -1.68987e-09 -6.64517e-06 -8.46552e-06 -1.02859e-05 -1.12145e-05 -1.21431e-05 -1.30717e-05 -1.40003e-05 -0.500008 -1 -1.5 -1.99999 -2.49999 -2.99998 -3.49997 -3.99997 
0 -6.60233e-06 -1.32903e-05 -1.35024e-05 -1.37145e-05 -1.4286e-05 -1.48574e-05 -1.54289e-05 -1.60003e-05 -0.50001 -1 -1.5 -1.99999 -2.49999 -2.99998 -3.49997 -3.99997 
]; 
 subplot(1,2,1); surf(A); 
B = [3.37955e-15 3.37955e-15 3.37955e-15 0 2.53469e-20 0 0 0 1.86585e-25 0 0 0 0 0 0 0 3.99999e-06 
0 1.28957e-08 0 0 0 0 0 0 0 0 0 0 0 0 0 0 0 
0 2.56382e-08 5.19154e-08 0 0 0 0 0 0 0 0 0 0 0 0 0 0 
0 3.77551e-08 0 0 0 0 0 0 0 0 0 0 0 0 0 0 0 
0 4.91854e-08 1.00517e-07 0 2.14289e-07 0 0 0 0 0 0 0 0 0 0 0 0 
0 5.84888e-08 0 0 0 0 0 0 0 0 0 0 0 0 0 0 0 
0 6.66097e-08 1.35863e-07 0 0 0 0 0 0 0 0 0 0 0 0 0 0 
0 7.21167e-08 0 0 0 0 0 0 0 0 0 0 0 0 0 0 0 
0 7.53535e-08 1.57218e-07 0 3.57146e-07 0 0 0 1e-06 0 0 0 0 0 0 0 0 
0 7.21161e-08 0 0 0 0 0 0 0 0 0 0 0 0 0 0 0 
0 6.66074e-08 1.35863e-07 0 0 0 0 0 0 0 0 0 0 0 0 0 0 
0 5.84874e-08 0 0 0 0 0 0 0 0 0 0 0 0 0 0 0 
0 4.9182e-08 1.00517e-07 0 2.14289e-07 0 0 0 0 0 0 0 0 0 0 0 0 
0 3.77538e-08 0 0 0 0 0 0 0 0 0 0 0 0 0 0 0 
0 2.56362e-08 5.19154e-08 0 0 0 0 0 0 0 0 0 0 0 0 0 0 
0 1.28952e-08 0 0 0 0 0 0 0 0 0 0 0 0 0 0 0 
3.37975e-15 3.37975e-15 3.37975e-15 0 3.71129e-20 0 0 0 5.21793e-25 0 0 0 0 0 0 0 3.99999e-06 
]; 
 subplot(1,2,2); surf(B); drawnow; pause(0.5); 
A = [0 7.02248e-05 0.000143323 0.000222281 0.000310439 0.000411708 0.000531006 0.000674673 0.000851567 0.00107477 0.00136538 0.00175984 0.00232835 0.00322168 0.00480811 0.00811496 -32 
7.02248e-05 1.34791e-08 1.37587e-08 2.13307e-08 2.97991e-08 3.95153e-08 5.09763e-08 6.47429e-08 8.17372e-08 1.03157e-07 1.31075e-07 1.68877e-07 2.23494e-07 3.09208e-07 -3.2418e-07 -0.00409192 -31.9919 
0.00013763 1.32119e-08 -1.44306e-12 6.43465e-12 1.12484e-11 -1.46099e-11 -1.46105e-11 1.92762e-11 3.10427e-11 -3.81418e-11 -3.81415e-11 5.0296e-11 8.83918e-11 -1.1433e-10 -7.86009e-07 -0.00409328 -31.9887 
0.000199512 1.91496e-08 -4.58832e-12 3.53991e-12 6.94642e-16 7.30255e-12 7.30189e-12 1.34768e-15 3.51926e-15 1.90654e-11 1.90654e-11 3.51916e-15 1.05476e-14 5.71369e-11 -7.85843e-07 -0.00409317 -31.9873 
0.000253479 2.43335e-08 -1.80073e-12 3.54023e-12 -3.3235e-16 2.00133e-15 1.3478e-15 4.27926e-19 3.52001e-15 -7.03895e-15 -7.03827e-15 3.51851e-15 -1.29706e-18 1.05489e-14 -7.85887e-07 -0.00409312 -31.9865 
0.000297517 2.85561e-08 -7.01791e-12 5.27861e-12 -1.12319e-15 9.74337e-16 -1.79556e-19 1.79563e-19 6.48492e-19 3.51846e-15 3.51845e-15 1.29645e-18 6.47925e-19 2.39144e-22 -7.85889e-07 -0.00409308 -31.9861 
0.000330079 3.16849e-08 -4.34616e-12 5.27841e-12 -1.3186e-15 1.1465e-15 -1.47834e-19 1.79545e-19 6.48475e-19 -1.29689e-18 -1.29693e-18 6.48762e-19 2.39184e-22 -6.61633e-26 -7.85886e-07 -0.00409307 -31.9859 
0.000350048 3.35993e-08 -7.14342e-12 6.211e-12 -1.14644e-15 1.14641e-15 -2.42982e-19 2.11267e-19 8.06108e-23 6.48196e-19 6.48156e-19 1.19544e-22 -4.40845e-26 6.61275e-26 -7.85887e-07 -0.00409306 -31.9857 
0.000356776 3.42461e-08 -6.21093e-12 6.211e-12 -1.14646e-15 1.14644e-15 -2.11264e-19 2.11341e-19 3.61089e-23 1.58523e-22 1.19545e-22 4.3071e-26 2.20383e-26 1.86273e-29 -7.85888e-07 -0.00409305 -31.9857 
0.000350042 3.35997e-08 -6.21114e-12 6.2109e-12 -1.31845e-15 1.14642e-15 -2.11196e-19 6.18135e-19 4.06828e-19 1.14021e-22 -2.10262e-26 3.48676e-26 1.3835e-26 6.43059e-30 -7.85889e-07 -0.00409306 -31.9857 
0.000330064 3.16807e-08 -7.14352e-12 6.21141e-12 -8.02321e-16 9.74336e-16 1.64135e-19 -6.02834e-19 -8.14142e-19 4.07203e-19 7.50573e-23 -6.65628e-27 -2.76889e-26 1.95821e-22 -7.85898e-07 -0.00409308 -31.9859 
0.000297501 2.85573e-08 -4.3467e-12 5.27896e-12 -9.74402e-16 9.74506e-16 3.34121e-19 2.20882e-15 2.20864e-15 4.06977e-19 -1.50134e-22 7.50706e-23 1.95792e-22 1.06131e-18 -7.859e-07 -0.0040931 -31.9861 
0.000253452 2.43258e-08 -7.01818e-12 5.27937e-12 -5.67646e-16 9.74249e-16 2.20912e-15 -4.41821e-15 -4.41848e-15 2.20984e-15 4.06944e-19 5.76226e-15 5.76333e-15 -2.12354e-18 -7.85927e-07 -0.00409315 -31.9865 
0.000199492 1.91506e-08 -1.80015e-12 7.48181e-12 3.94108e-12 1.381e-15 2.2092e-15 1.19678e-11 1.19678e-11 2.20862e-15 5.76143e-15 3.12118e-11 3.12119e-11 5.76107e-15 -7.85931e-07 -0.00409324 -31.9873 
0.000137609 1.32067e-08 -6.45217e-13 -4.34636e-12 -7.8871e-12 1.1249e-11 1.9277e-11 -2.3942e-11 -2.39422e-11 3.10419e-11 5.0299e-11 -6.24514e-11 -6.24521e-11 8.83915e-11 -7.85697e-07 -0.00409342 -31.9887 
7.02155e-05 1.34784e-08 1.37583e-08 2.1333e-08 2.98022e-08 3.9509e-08 5.09697e-08 6.47532e-08 8.17487e-08 1.03142e-07 1.31059e-07 1.68906e-07 2.23528e-07 3.09171e-07 -3.24315e-07 -0.00409225 -31.9919 
8.67362e-19 7.02155e-05 0.000143307 0.000222262 0.00031043 0.000411719 0.000531012 0.000674653 0.000851559 0.00107481 0.00136541 0.0017598 0.00232836 0.00322183 0.00480827 0.00811514 -32 
]; 
 subplot(1,2,1); surf(A); 
B = [-2.6957e-14 -2.6957e-14 -2.6957e-14 -4.26599e-14 -4.26599e-14 -7.90282e-14 -7.90282e-14 -1.29482e-13 -1.29482e-13 -2.06307e-13 -2.06307e-13 -3.37743e-13 -3.37743e-13 -6.18401e-13 -6.18401e-13 8.18383e-09 8.18383e-09 
-2.6957e-14 -1.37158e-07 -2.79927e-07 -4.34142e-07 -6.06326e-07 -8.04118e-07 -1.03712e-06 -1.31772e-06 -1.66322e-06 -2.09917e-06 -2.66675e-06 -3.43719e-06 -4.54757e-06 -6.29235e-06 -9.39085e-06 -1.58414e-05 8.18383e-09 
-2.6957e-14 -2.68809e-07 -5.48515e-07 -8.50481e-07 -1.18721e-06 -1.57334e-06 -2.02696e-06 -2.57105e-06 -3.23649e-06 -4.0675e-06 -5.13147e-06 -6.53575e-06 -8.46204e-06 -1.12334e-05 -1.54321e-05 -2.20228e-05 8.18635e-09 
-3.82979e-14 -3.89671e-07 -7.94948e-07 -1.23206e-06 -1.7187e-06 -2.27537e-06 -2.92663e-06 -3.70304e-06 -4.6442e-06 -5.80367e-06 -7.2567e-06 -9.11229e-06 -1.15314e-05 -1.47496e-05 -1.90837e-05 -2.48482e-05 8.18635e-09 
-3.82979e-14 -4.95077e-07 -1.0097e-06 -1.56411e-06 -2.18018e-06 -2.88281e-06 -3.70115e-06 -4.67027e-06 -5.83362e-06 -7.24628e-06 -8.97938e-06 -1.11253e-05 -1.38019e-05 -1.71497e-05 -2.13051e-05 -2.63164e-05 8.18617e-09 
-5.71105e-14 -5.81088e-07 -1.18481e-06 -1.8345e-06 -2.55509e-06 -3.37456e-06 -4.32489e-06 -5.44329e-06 -6.77372e-06 -8.36844e-06 -1.02893e-05 -1.26076e-05 -1.54011e-05 -1.87422e-05 -2.26707e-05 -2.71434e-05 8.18617e-09 
-5.71105e-14 -6.44686e-07 -1.31419e-06 -2.03399e-06 -2.83111e-06 -3.73547e-06 -4.78056e-06 -6.00428e-06 -7.44955e-06 -9.16452e-06 -1.12016e-05 -1.36148e-05 -1.64528e-05 -1.97472e-05 -2.3492e-05 -2.76174e-05 8.18611e-09 
-6.71965e-14 -6.83688e-07 -1.3935e-06 -2.15618e-06 -2.9999e-06 -3.95565e-06 -5.05761e-06 -6.34371e-06 -7.8557e-06 -9.63847e-06 -1.1738e-05 -1.4197e-05 -1.7048e-05 -2.03018e-05 -2.39328e-05 -2.78655e-05 8.18611e-09 
-6.71965e-14 -6.96829e-07 -1.42021e-06 -2.19731e-06 -3.05668e-06 -4.02962e-06 -5.15052e-06 -6.45726e-06 -7.99109e-06 -9.7957e-06 -1.19147e-05 -1.43874e-05 -1.72406e-05 -2.0479e-05 -2.40719e-05 -2.7943e-05 8.18612e-09 
-6.71972e-14 -6.83677e-07 -1.39349e-06 -2.15616e-06 -2.9999e-06 -3.95565e-06 -5.05761e-06 -6.34371e-06 -7.85571e-06 -9.63848e-06 -1.1738e-05 -1.41971e-05 -1.70481e-05 -2.03018e-05 -2.39329e-05 -2.78656e-05 8.18612e-09 
-6.71972e-14 -6.44656e-07 -1.31415e-06 -2.03397e-06 -2.8311e-06 -3.73546e-06 -4.78056e-06 -6.00428e-06 -7.44957e-06 -9.16454e-06 -1.12017e-05 -1.36148e-05 -1.64528e-05 -1.97473e-05 -2.34922e-05 -2.76176e-05 8.18621e-09 
-5.71128e-14 -5.81056e-07 -1.18477e-06 -1.83447e-06 -2.55507e-06 -3.37455e-06 -4.32489e-06 -5.44329e-06 -6.77374e-06 -8.36848e-06 -1.02893e-05 -1.26077e-05 -1.54012e-05 -1.87423e-05 -2.26709e-05 -2.71436e-05 8.18621e-09 
-5.71128e-14 -4.95024e-07 -1.00963e-06 -1.56406e-06 -2.18015e-06 -2.88281e-06 -3.70115e-06 -4.67027e-06 -5.83363e-06 -7.24633e-06 -8.97944e-06 -1.11253e-05 -1.3802e-05 -1.71499e-05 -2.13054e-05 -2.63168e-05 8.18648e-09 
-3.82999e-14 -3.89633e-07 -7.9489e-07 -1.232e-06 -1.71867e-06 -2.27539e-06 -2.92664e-06 -3.703e-06 -4.6442e-06 -5.80377e-06 -7.25679e-06 -9.11225e-06 -1.15315e-05 -1.47499e-05 -1.9084e-05 -2.48481e-05 8.18648e-09 
-3.82999e-14 -2.68767e-07 -5.48447e-07 -8.50386e-07 -1.18716e-06 -1.57343e-06 -2.02702e-06 -2.5709e-06 -3.23639e-06 -4.06777e-06 -5.13169e-06 -6.5354e-06 -8.46186e-06 -1.12343e-05 -1.54327e-05 -2.20212e-05 8.18451e-09 
-2.69557e-14 -1.3714e-07 -2.79897e-07 -4.34106e-07 -6.06308e-07 -8.04139e-07 -1.03713e-06 -1.31768e-06 -1.6632e-06 -2.09924e-06 -2.66681e-06 -3.43712e-06 -4.54757e-06 -6.29265e-06 -9.39115e-06 -1.58417e-05 8.18451e-09 
-2.69557e-14 -2.69557e-14 -2.69557e-14 -4.26645e-14 -4.26645e-14 -7.90154e-14 -7.90154e-14 -1.29503e-13 -1.29503e-13 -2.06277e-13 -2.06277e-13 -3.37802e-13 -3.37802e-13 -6.18324e-13 -6.18324e-13 8.18451e-09 8.18451e-09 
]; 
 subplot(1,2,2); surf(B); drawnow; pause(0.5); 
A = [0 7.02248e-05 0.000143323 0.000222281 0.000310439 0.000411708 0.000531006 0.000674673 0.000851567 0.00107477 0.00136538 0.00175984 0.00232835 0.00322168 0.00480811 0.00811496 -32 
7.02248e-05 1.34791e-08 1.37587e-08 2.13307e-08 2.97991e-08 3.95153e-08 5.09763e-08 6.47429e-08 8.17372e-08 1.03157e-07 1.31075e-07 1.68877e-07 2.23494e-07 3.09208e-07 -3.2418e-07 -0.00409192 -31.9919 
0.00013763 1.32119e-08 -1.44306e-12 6.43465e-12 1.12484e-11 -1.46099e-11 -1.46105e-11 1.92762e-11 3.10427e-11 -3.81418e-11 -3.81415e-11 5.0296e-11 8.83918e-11 -1.1433e-10 -7.86009e-07 -0.00409328 -31.9887 
0.000199512 1.91496e-08 -4.58832e-12 3.53991e-12 6.94642e-16 7.30255e-12 7.30189e-12 1.34768e-15 3.51926e-15 1.90654e-11 1.90654e-11 3.51916e-15 1.05476e-14 5.71369e-11 -7.85843e-07 -0.00409317 -31.9873 
0.000253479 2.43335e-08 -1.80073e-12 3.54023e-12 -3.3235e-16 2.00133e-15 1.3478e-15 4.27926e-19 3.52001e-15 -7.03895e-15 -7.03827e-15 3.51851e-15 -1.29706e-18 1.05489e-14 -7.85887e-07 -0.00409312 -31.9865 
0.000297517 2.85561e-08 -7.01791e-12 5.27861e-12 -1.12319e-15 9.74337e-16 -1.79556e-19 1.79563e-19 6.48492e-19 3.51846e-15 3.51845e-15 1.29645e-18 6.47925e-19 2.39144e-22 -7.85889e-07 -0.00409308 -31.9861 
0.000330079 3.16849e-08 -4.34616e-12 5.27841e-12 -1.3186e-15 1.1465e-15 -1.47834e-19 1.79545e-19 6.48475e-19 -1.29689e-18 -1.29693e-18 6.48762e-19 2.39184e-22 -6.61633e-26 -7.85886e-07 -0.00409307 -31.9859 
0.000350048 3.35993e-08 -7.14342e-12 6.211e-12 -1.14644e-15 1.14641e-15 -2.42982e-19 2.11267e-19 8.06108e-23 6.48196e-19 6.48156e-19 1.19544e-22 -4.40845e-26 6.61275e-26 -7.85887e-07 -0.00409306 -31.9857 
0.000356776 3.42461e-08 -6.21093e-12 6.211e-12 -1.14646e-15 1.14644e-15 -2.11264e-19 2.11341e-19 3.61089e-23 1.58523e-22 1.19545e-22 4.3071e-26 2.20383e-26 1.86274e-29 -7.85888e-07 -0.00409305 -31.9857 
0.000350042 3.35997e-08 -6.21114e-12 6.2109e-12 -1.31845e-15 1.14642e-15 -2.11196e-19 6.18135e-19 4.06828e-19 1.14021e-22 -2.10262e-26 3.48676e-26 1.3835e-26 6.4306e-30 -7.85889e-07 -0.00409306 -31.9857 
0.000330064 3.16807e-08 -7.14352e-12 6.21141e-12 -8.02321e-16 9.74336e-16 1.64135e-19 -6.02834e-19 -8.14142e-19 4.07203e-19 7.50573e-23 -6.65628e-27 -2.76889e-26 1.95821e-22 -7.85898e-07 -0.00409308 -31.9859 
0.000297501 2.85573e-08 -4.3467e-12 5.27896e-12 -9.74402e-16 9.74506e-16 3.34121e-19 2.20882e-15 2.20864e-15 4.06977e-19 -1.50134e-22 7.50706e-23 1.95792e-22 1.06131e-18 -7.859e-07 -0.0040931 -31.9861 
0.000253452 2.43258e-08 -7.01818e-12 5.27937e-12 -5.67646e-16 9.74249e-16 2.20912e-15 -4.41821e-15 -4.41848e-15 2.20984e-15 4.06944e-19 5.76226e-15 5.76333e-15 -2.12354e-18 -7.85927e-07 -0.00409315 -31.9865 
0.000199492 1.91506e-08 -1.80015e-12 7.48181e-12 3.94108e-12 1.381e-15 2.2092e-15 1.19678e-11 1.19678e-11 2.20862e-15 5.76143e-15 3.12118e-11 3.12119e-11 5.76107e-15 -7.85931e-07 -0.00409324 -31.9873 
0.000137609 1.32067e-08 -6.45217e-13 -4.34636e-12 -7.8871e-12 1.1249e-11 1.9277e-11 -2.3942e-11 -2.39422e-11 3.10419e-11 5.0299e-11 -6.24514e-11 -6.24521e-11 8.83915e-11 -7.85697e-07 -0.00409342 -31.9887 
7.02155e-05 1.34784e-08 1.37583e-08 2.1333e-08 2.98022e-08 3.9509e-08 5.09697e-08 6.47532e-08 8.17487e-08 1.03142e-07 1.31059e-07 1.68906e-07 2.23528e-07 3.09171e-07 -3.24315e-07 -0.00409225 -31.9919 
8.67362e-19 7.02155e-05 0.000143307 0.000222262 0.00031043 0.000411719 0.000531012 0.000674653 0.000851559 0.00107481 0.00136541 0.0017598 0.00232836 0.00322183 0.00480827 0.00811514 -32 
]; 
 subplot(1,2,1); surf(A); 
B = [-2.6957e-14 -2.6957e-14 -2.6957e-14 -4.26599e-14 -4.26599e-14 -7.90282e-14 -7.90282e-14 -1.29482e-13 -1.29482e-13 -2.06307e-13 -2.06307e-13 -3.37743e-13 -3.37743e-13 -6.18401e-13 -6.18401e-13 8.18383e-09 8.18383e-09 
-2.6957e-14 -1.37158e-07 -2.79927e-07 -4.34142e-07 -6.06326e-07 -8.04118e-07 -1.03712e-06 -1.31772e-06 -1.66322e-06 -2.09917e-06 -2.66675e-06 -3.43719e-06 -4.54757e-06 -6.29235e-06 -9.39085e-06 -1.58414e-05 8.18383e-09 
-2.6957e-14 -2.68809e-07 -5.48515e-07 -8.50481e-07 -1.18721e-06 -1.57334e-06 -2.02696e-06 -2.57105e-06 -3.23649e-06 -4.0675e-06 -5.13147e-06 -6.53575e-06 -8.46204e-06 -1.12334e-05 -1.54321e-05 -2.20228e-05 8.18635e-09 
-3.82979e-14 -3.89671e-07 -7.94948e-07 -1.23206e-06 -1.7187e-06 -2.27537e-06 -2.92663e-06 -3.70304e-06 -4.6442e-06 -5.80367e-06 -7.2567e-06 -9.11229e-06 -1.15314e-05 -1.47496e-05 -1.90837e-05 -2.48482e-05 8.18635e-09 
-3.82979e-14 -4.95077e-07 -1.0097e-06 -1.56411e-06 -2.18018e-06 -2.88281e-06 -3.70115e-06 -4.67027e-06 -5.83362e-06 -7.24628e-06 -8.97938e-06 -1.11253e-05 -1.38019e-05 -1.71497e-05 -2.13051e-05 -2.63164e-05 8.18617e-09 
-5.71105e-14 -5.81088e-07 -1.18481e-06 -1.8345e-06 -2.55509e-06 -3.37456e-06 -4.32489e-06 -5.44329e-06 -6.77372e-06 -8.36844e-06 -1.02893e-05 -1.26076e-05 -1.54011e-05 -1.87422e-05 -2.26707e-05 -2.71434e-05 8.18617e-09 
-5.71105e-14 -6.44686e-07 -1.31419e-06 -2.03399e-06 -2.83111e-06 -3.73547e-06 -4.78056e-06 -6.00428e-06 -7.44955e-06 -9.16452e-06 -1.12016e-05 -1.36148e-05 -1.64528e-05 -1.97472e-05 -2.3492e-05 -2.76174e-05 8.18611e-09 
-6.71965e-14 -6.83688e-07 -1.3935e-06 -2.15618e-06 -2.9999e-06 -3.95565e-06 -5.05761e-06 -6.34371e-06 -7.8557e-06 -9.63847e-06 -1.1738e-05 -1.4197e-05 -1.7048e-05 -2.03018e-05 -2.39328e-05 -2.78655e-05 8.18611e-09 
-6.71965e-14 -6.96829e-07 -1.42021e-06 -2.19731e-06 -3.05668e-06 -4.02962e-06 -5.15052e-06 -6.45726e-06 -7.99109e-06 -9.7957e-06 -1.19147e-05 -1.43874e-05 -1.72406e-05 -2.0479e-05 -2.40719e-05 -2.7943e-05 8.18612e-09 
-6.71972e-14 -6.83677e-07 -1.39349e-06 -2.15616e-06 -2.9999e-06 -3.95565e-06 -5.05761e-06 -6.34371e-06 -7.85571e-06 -9.63848e-06 -1.1738e-05 -1.41971e-05 -1.70481e-05 -2.03018e-05 -2.39329e-05 -2.78656e-05 8.18612e-09 
-6.71972e-14 -6.44656e-07 -1.31415e-06 -2.03397e-06 -2.8311e-06 -3.73546e-06 -4.78056e-06 -6.00428e-06 -7.44957e-06 -9.16454e-06 -1.12017e-05 -1.36148e-05 -1.64528e-05 -1.97473e-05 -2.34922e-05 -2.76176e-05 8.18621e-09 
-5.71128e-14 -5.81056e-07 -1.18477e-06 -1.83447e-06 -2.55507e-06 -3.37455e-06 -4.32489e-06 -5.44329e-06 -6.77374e-06 -8.36848e-06 -1.02893e-05 -1.26077e-05 -1.54012e-05 -1.87423e-05 -2.26709e-05 -2.71436e-05 8.18621e-09 
-5.71128e-14 -4.95024e-07 -1.00963e-06 -1.56406e-06 -2.18015e-06 -2.88281e-06 -3.70115e-06 -4.67027e-06 -5.83363e-06 -7.24633e-06 -8.97944e-06 -1.11253e-05 -1.3802e-05 -1.71499e-05 -2.13054e-05 -2.63168e-05 8.18648e-09 
-3.82999e-14 -3.89633e-07 -7.9489e-07 -1.232e-06 -1.71867e-06 -2.27539e-06 -2.92664e-06 -3.703e-06 -4.6442e-06 -5.80377e-06 -7.25679e-06 -9.11225e-06 -1.15315e-05 -1.47499e-05 -1.9084e-05 -2.48481e-05 8.18648e-09 
-3.82999e-14 -2.68767e-07 -5.48447e-07 -8.50386e-07 -1.18716e-06 -1.57343e-06 -2.02702e-06 -2.5709e-06 -3.23639e-06 -4.06777e-06 -5.13169e-06 -6.5354e-06 -8.46186e-06 -1.12343e-05 -1.54327e-05 -2.20212e-05 8.18451e-09 
-2.69557e-14 -1.3714e-07 -2.79897e-07 -4.34106e-07 -6.06308e-07 -8.04139e-07 -1.03713e-06 -1.31768e-06 -1.6632e-06 -2.09924e-06 -2.66681e-06 -3.43712e-06 -4.54757e-06 -6.29265e-06 -9.39115e-06 -1.58417e-05 8.18451e-09 
-2.69557e-14 -2.69557e-14 -2.69557e-14 -4.26645e-14 -4.26645e-14 -7.90154e-14 -7.90154e-14 -1.29503e-13 -1.29503e-13 -2.06277e-13 -2.06277e-13 -3.37802e-13 -3.37802e-13 -6.18324e-13 -6.18324e-13 8.18451e-09 8.18451e-09 
]; 
 subplot(1,2,2); surf(B); drawnow; pause(0.5); 
A = [0 7.02248e-05 0.000143323 0.000222281 0.000310439 0.000411708 0.000531006 0.000674673 0.000851567 0.00107477 0.00136538 0.00175984 0.00232835 0.00322168 0.00480811 0.00811496 -32 
7.02248e-05 1.34791e-08 1.37587e-08 2.13307e-08 2.97991e-08 3.95153e-08 5.09763e-08 6.47429e-08 8.17372e-08 1.03157e-07 1.31075e-07 1.68877e-07 2.23494e-07 3.09208e-07 -3.2418e-07 -0.00409192 -31.9919 
0.00013763 1.32119e-08 -1.44306e-12 6.43465e-12 1.12484e-11 -1.46099e-11 -1.46105e-11 1.92762e-11 3.10427e-11 -3.81418e-11 -3.81415e-11 5.0296e-11 8.83918e-11 -1.1433e-10 -7.86009e-07 -0.00409328 -31.9887 
0.000199512 1.91496e-08 -4.58832e-12 3.53991e-12 6.94642e-16 7.30255e-12 7.30189e-12 1.34768e-15 3.51926e-15 1.90654e-11 1.90654e-11 3.51916e-15 1.05476e-14 5.71369e-11 -7.85843e-07 -0.00409317 -31.9873 
0.000253479 2.43335e-08 -1.80073e-12 3.54023e-12 -3.3235e-16 2.00133e-15 1.3478e-15 4.27926e-19 3.52001e-15 -7.03895e-15 -7.03827e-15 3.51851e-15 -1.29706e-18 1.05489e-14 -7.85887e-07 -0.00409312 -31.9865 
0.000297517 2.85561e-08 -7.01791e-12 5.27861e-12 -1.12319e-15 9.74337e-16 -1.79556e-19 1.79563e-19 6.48492e-19 3.51846e-15 3.51845e-15 1.29645e-18 6.47925e-19 2.39144e-22 -7.85889e-07 -0.00409308 -31.9861 
0.000330079 3.16849e-08 -4.34616e-12 5.27841e-12 -1.3186e-15 1.1465e-15 -1.47834e-19 1.79545e-19 6.48475e-19 -1.29689e-18 -1.29693e-18 6.48762e-19 2.39184e-22 -6.61633e-26 -7.85886e-07 -0.00409307 -31.9859 
0.000350048 3.35993e-08 -7.14342e-12 6.211e-12 -1.14644e-15 1.14641e-15 -2.42982e-19 2.11267e-19 8.06108e-23 6.48196e-19 6.48156e-19 1.19544e-22 -4.40845e-26 6.61275e-26 -7.85887e-07 -0.00409306 -31.9857 
0.000356776 3.42461e-08 -6.21093e-12 6.211e-12 -1.14646e-15 1.14644e-15 -2.11264e-19 2.11341e-19 3.61089e-23 1.58523e-22 1.19545e-22 4.3071e-26 2.20383e-26 1.86274e-29 -7.85888e-07 -0.00409305 -31.9857 
0.000350042 3.35997e-08 -6.21114e-12 6.2109e-12 -1.31845e-15 1.14642e-15 -2.11196e-19 6.18135e-19 4.06828e-19 1.14021e-22 -2.10262e-26 3.48676e-26 1.3835e-26 6.4306e-30 -7.85889e-07 -0.00409306 -31.9857 
0.000330064 3.16807e-08 -7.14352e-12 6.21141e-12 -8.02321e-16 9.74336e-16 1.64135e-19 -6.02834e-19 -8.14142e-19 4.07203e-19 7.50573e-23 -6.65628e-27 -2.76889e-26 1.95821e-22 -7.85898e-07 -0.00409308 -31.9859 
0.000297501 2.85573e-08 -4.3467e-12 5.27896e-12 -9.74402e-16 9.74506e-16 3.34121e-19 2.20882e-15 2.20864e-15 4.06977e-19 -1.50134e-22 7.50706e-23 1.95792e-22 1.06131e-18 -7.859e-07 -0.0040931 -31.9861 
0.000253452 2.43258e-08 -7.01818e-12 5.27937e-12 -5.67646e-16 9.74249e-16 2.20912e-15 -4.41821e-15 -4.41848e-15 2.20984e-15 4.06944e-19 5.76226e-15 5.76333e-15 -2.12354e-18 -7.85927e-07 -0.00409315 -31.9865 
0.000199492 1.91506e-08 -1.80015e-12 7.48181e-12 3.94108e-12 1.381e-15 2.2092e-15 1.19678e-11 1.19678e-11 2.20862e-15 5.76143e-15 3.12118e-11 3.12119e-11 5.76107e-15 -7.85931e-07 -0.00409324 -31.9873 
0.000137609 1.32067e-08 -6.45217e-13 -4.34636e-12 -7.8871e-12 1.1249e-11 1.9277e-11 -2.3942e-11 -2.39422e-11 3.10419e-11 5.0299e-11 -6.24514e-11 -6.24521e-11 8.83915e-11 -7.85697e-07 -0.00409342 -31.9887 
7.02155e-05 1.34784e-08 1.37583e-08 2.1333e-08 2.98022e-08 3.9509e-08 5.09697e-08 6.47532e-08 8.17487e-08 1.03142e-07 1.31059e-07 1.68906e-07 2.23528e-07 3.09171e-07 -3.24315e-07 -0.00409225 -31.9919 
8.67362e-19 7.02155e-05 0.000143307 0.000222262 0.00031043 0.000411719 0.000531012 0.000674653 0.000851559 0.00107481 0.00136541 0.0017598 0.00232836 0.00322183 0.00480827 0.00811514 -32 
]; 
 subplot(1,2,1); surf(A); 
B = [-2.6957e-14 -2.6957e-14 -2.6957e-14 -4.26599e-14 -4.26599e-14 -7.90282e-14 -7.90282e-14 -1.29482e-13 -1.29482e-13 -2.06307e-13 -2.06307e-13 -3.37743e-13 -3.37743e-13 -6.18401e-13 -6.18401e-13 8.18383e-09 8.18383e-09 
-2.6957e-14 -1.37158e-07 -2.79927e-07 -4.34142e-07 -6.06326e-07 -8.04118e-07 -1.03712e-06 -1.31772e-06 -1.66322e-06 -2.09917e-06 -2.66675e-06 -3.43719e-06 -4.54757e-06 -6.29235e-06 -9.39085e-06 -1.58414e-05 8.18383e-09 
-2.6957e-14 -2.68809e-07 -5.48515e-07 -8.50481e-07 -1.18721e-06 -1.57334e-06 -2.02696e-06 -2.57105e-06 -3.23649e-06 -4.0675e-06 -5.13147e-06 -6.53575e-06 -8.46204e-06 -1.12334e-05 -1.54321e-05 -2.20228e-05 8.18635e-09 
-3.82979e-14 -3.89671e-07 -7.94948e-07 -1.23206e-06 -1.7187e-06 -2.27537e-06 -2.92663e-06 -3.70304e-06 -4.6442e-06 -5.80367e-06 -7.2567e-06 -9.11229e-06 -1.15314e-05 -1.47496e-05 -1.90837e-05 -2.48482e-05 8.18635e-09 
-3.82979e-14 -4.95077e-07 -1.0097e-06 -1.56411e-06 -2.18018e-06 -2.88281e-06 -3.70115e-06 -4.67027e-06 -5.83362e-06 -7.24628e-06 -8.97938e-06 -1.11253e-05 -1.38019e-05 -1.71497e-05 -2.13051e-05 -2.63164e-05 8.18617e-09 
-5.71105e-14 -5.81088e-07 -1.18481e-06 -1.8345e-06 -2.55509e-06 -3.37456e-06 -4.32489e-06 -5.44329e-06 -6.77372e-06 -8.36844e-06 -1.02893e-05 -1.26076e-05 -1.54011e-05 -1.87422e-05 -2.26707e-05 -2.71434e-05 8.18617e-09 
-5.71105e-14 -6.44686e-07 -1.31419e-06 -2.03399e-06 -2.83111e-06 -3.73547e-06 -4.78056e-06 -6.00428e-06 -7.44955e-06 -9.16452e-06 -1.12016e-05 -1.36148e-05 -1.64528e-05 -1.97472e-05 -2.3492e-05 -2.76174e-05 8.18611e-09 
-6.71965e-14 -6.83688e-07 -1.3935e-06 -2.15618e-06 -2.9999e-06 -3.95565e-06 -5.05761e-06 -6.34371e-06 -7.8557e-06 -9.63847e-06 -1.1738e-05 -1.4197e-05 -1.7048e-05 -2.03018e-05 -2.39328e-05 -2.78655e-05 8.18611e-09 
-6.71965e-14 -6.96829e-07 -1.42021e-06 -2.19731e-06 -3.05668e-06 -4.02962e-06 -5.15052e-06 -6.45726e-06 -7.99109e-06 -9.7957e-06 -1.19147e-05 -1.43874e-05 -1.72406e-05 -2.0479e-05 -2.40719e-05 -2.7943e-05 8.18612e-09 
-6.71972e-14 -6.83677e-07 -1.39349e-06 -2.15616e-06 -2.9999e-06 -3.95565e-06 -5.05761e-06 -6.34371e-06 -7.85571e-06 -9.63848e-06 -1.1738e-05 -1.41971e-05 -1.70481e-05 -2.03018e-05 -2.39329e-05 -2.78656e-05 8.18612e-09 
-6.71972e-14 -6.44656e-07 -1.31415e-06 -2.03397e-06 -2.8311e-06 -3.73546e-06 -4.78056e-06 -6.00428e-06 -7.44957e-06 -9.16454e-06 -1.12017e-05 -1.36148e-05 -1.64528e-05 -1.97473e-05 -2.34922e-05 -2.76176e-05 8.18621e-09 
-5.71128e-14 -5.81056e-07 -1.18477e-06 -1.83447e-06 -2.55507e-06 -3.37455e-06 -4.32489e-06 -5.44329e-06 -6.77374e-06 -8.36848e-06 -1.02893e-05 -1.26077e-05 -1.54012e-05 -1.87423e-05 -2.26709e-05 -2.71436e-05 8.18621e-09 
-5.71128e-14 -4.95024e-07 -1.00963e-06 -1.56406e-06 -2.18015e-06 -2.88281e-06 -3.70115e-06 -4.67027e-06 -5.83363e-06 -7.24633e-06 -8.97944e-06 -1.11253e-05 -1.3802e-05 -1.71499e-05 -2.13054e-05 -2.63168e-05 8.18648e-09 
-3.82999e-14 -3.89633e-07 -7.9489e-07 -1.232e-06 -1.71867e-06 -2.27539e-06 -2.92664e-06 -3.703e-06 -4.6442e-06 -5.80377e-06 -7.25679e-06 -9.11225e-06 -1.15315e-05 -1.47499e-05 -1.9084e-05 -2.48481e-05 8.18648e-09 
-3.82999e-14 -2.68767e-07 -5.48447e-07 -8.50386e-07 -1.18716e-06 -1.57343e-06 -2.02702e-06 -2.5709e-06 -3.23639e-06 -4.06777e-06 -5.13169e-06 -6.5354e-06 -8.46186e-06 -1.12343e-05 -1.54327e-05 -2.20212e-05 8.18451e-09 
-2.69557e-14 -1.3714e-07 -2.79897e-07 -4.34106e-07 -6.06308e-07 -8.04139e-07 -1.03713e-06 -1.31768e-06 -1.6632e-06 -2.09924e-06 -2.66681e-06 -3.43712e-06 -4.54757e-06 -6.29265e-06 -9.39115e-06 -1.58417e-05 8.18451e-09 
-2.69557e-14 -2.69557e-14 -2.69557e-14 -4.26645e-14 -4.26645e-14 -7.90154e-14 -7.90154e-14 -1.29503e-13 -1.29503e-13 -2.06277e-13 -2.06277e-13 -3.37802e-13 -3.37802e-13 -6.18324e-13 -6.18324e-13 8.18451e-09 8.18451e-09 
]; 
 subplot(1,2,2); surf(B); drawnow; pause(0.5); 
A = [0 7.02248e-05 0.000143323 0.000222281 0.000310439 0.000411708 0.000531006 0.000674673 0.000851567 0.00107477 0.00136538 0.00175984 0.00232835 0.00322168 0.00480811 0.00811496 -32 
7.02248e-05 1.34791e-08 1.37587e-08 2.13307e-08 2.97991e-08 3.95153e-08 5.09763e-08 6.47429e-08 8.17372e-08 1.03157e-07 1.31075e-07 1.68877e-07 2.23494e-07 3.09208e-07 -3.2418e-07 -0.00409192 -31.9919 
0.00013763 1.32119e-08 -1.44306e-12 6.43465e-12 1.12484e-11 -1.46099e-11 -1.46105e-11 1.92762e-11 3.10427e-11 -3.81418e-11 -3.81415e-11 5.0296e-11 8.83918e-11 -1.1433e-10 -7.86009e-07 -0.00409328 -31.9887 
0.000199512 1.91496e-08 -4.58832e-12 3.53991e-12 6.94642e-16 7.30255e-12 7.30189e-12 1.34768e-15 3.51926e-15 1.90654e-11 1.90654e-11 3.51916e-15 1.05476e-14 5.71369e-11 -7.85843e-07 -0.00409317 -31.9873 
0.000253479 2.43335e-08 -1.80073e-12 3.54023e-12 -3.3235e-16 2.00133e-15 1.3478e-15 4.27926e-19 3.52001e-15 -7.03895e-15 -7.03827e-15 3.51851e-15 -1.29706e-18 1.05489e-14 -7.85887e-07 -0.00409312 -31.9865 
0.000297517 2.85561e-08 -7.01791e-12 5.27861e-12 -1.12319e-15 9.74337e-16 -1.79556e-19 1.79563e-19 6.48492e-19 3.51846e-15 3.51845e-15 1.29645e-18 6.47925e-19 2.39144e-22 -7.85889e-07 -0.00409308 -31.9861 
0.000330079 3.16849e-08 -4.34616e-12 5.27841e-12 -1.3186e-15 1.1465e-15 -1.47834e-19 1.79545e-19 6.48475e-19 -1.29689e-18 -1.29693e-18 6.48762e-19 2.39184e-22 -6.61633e-26 -7.85886e-07 -0.00409307 -31.9859 
0.000350048 3.35993e-08 -7.14342e-12 6.211e-12 -1.14644e-15 1.14641e-15 -2.42982e-19 2.11267e-19 8.06108e-23 6.48196e-19 6.48156e-19 1.19544e-22 -4.40845e-26 6.61275e-26 -7.85887e-07 -0.00409306 -31.9857 
0.000356776 3.42461e-08 -6.21093e-12 6.211e-12 -1.14646e-15 1.14644e-15 -2.11264e-19 2.11341e-19 3.61089e-23 1.58523e-22 1.19545e-22 4.3071e-26 2.20383e-26 1.86274e-29 -7.85888e-07 -0.00409305 -31.9857 
0.000350042 3.35997e-08 -6.21114e-12 6.2109e-12 -1.31845e-15 1.14642e-15 -2.11196e-19 6.18135e-19 4.06828e-19 1.14021e-22 -2.10262e-26 3.48676e-26 1.3835e-26 6.4306e-30 -7.85889e-07 -0.00409306 -31.9857 
0.000330064 3.16807e-08 -7.14352e-12 6.21141e-12 -8.02321e-16 9.74336e-16 1.64135e-19 -6.02834e-19 -8.14142e-19 4.07203e-19 7.50573e-23 -6.65628e-27 -2.76889e-26 1.95821e-22 -7.85898e-07 -0.00409308 -31.9859 
0.000297501 2.85573e-08 -4.3467e-12 5.27896e-12 -9.74402e-16 9.74506e-16 3.34121e-19 2.20882e-15 2.20864e-15 4.06977e-19 -1.50134e-22 7.50706e-23 1.95792e-22 1.06131e-18 -7.859e-07 -0.0040931 -31.9861 
0.000253452 2.43258e-08 -7.01818e-12 5.27937e-12 -5.67646e-16 9.74249e-16 2.20912e-15 -4.41821e-15 -4.41848e-15 2.20984e-15 4.06944e-19 5.76226e-15 5.76333e-15 -2.12354e-18 -7.85927e-07 -0.00409315 -31.9865 
0.000199492 1.91506e-08 -1.80015e-12 7.48181e-12 3.94108e-12 1.381e-15 2.2092e-15 1.19678e-11 1.19678e-11 2.20862e-15 5.76143e-15 3.12118e-11 3.12119e-11 5.76107e-15 -7.85931e-07 -0.00409324 -31.9873 
0.000137609 1.32067e-08 -6.45217e-13 -4.34636e-12 -7.8871e-12 1.1249e-11 1.9277e-11 -2.3942e-11 -2.39422e-11 3.10419e-11 5.0299e-11 -6.24514e-11 -6.24521e-11 8.83915e-11 -7.85697e-07 -0.00409342 -31.9887 
7.02155e-05 1.34784e-08 1.37583e-08 2.1333e-08 2.98022e-08 3.9509e-08 5.09697e-08 6.47532e-08 8.17487e-08 1.03142e-07 1.31059e-07 1.68906e-07 2.23528e-07 3.09171e-07 -3.24315e-07 -0.00409225 -31.9919 
8.67362e-19 7.02155e-05 0.000143307 0.000222262 0.00031043 0.000411719 0.000531012 0.000674653 0.000851559 0.00107481 0.00136541 0.0017598 0.00232836 0.00322183 0.00480827 0.00811514 -32 
]; 
 subplot(1,2,1); surf(A); 
B = [-2.6957e-14 -2.6957e-14 -2.6957e-14 -4.26599e-14 -4.26599e-14 -7.90282e-14 -7.90282e-14 -1.29482e-13 -1.29482e-13 -2.06307e-13 -2.06307e-13 -3.37743e-13 -3.37743e-13 -6.18401e-13 -6.18401e-13 8.18383e-09 8.18383e-09 
-2.6957e-14 -1.37158e-07 -2.79927e-07 -4.34142e-07 -6.06326e-07 -8.04118e-07 -1.03712e-06 -1.31772e-06 -1.66322e-06 -2.09917e-06 -2.66675e-06 -3.43719e-06 -4.54757e-06 -6.29235e-06 -9.39085e-06 -1.58414e-05 8.18383e-09 
-2.6957e-14 -2.68809e-07 -5.48515e-07 -8.50481e-07 -1.18721e-06 -1.57334e-06 -2.02696e-06 -2.57105e-06 -3.23649e-06 -4.0675e-06 -5.13147e-06 -6.53575e-06 -8.46204e-06 -1.12334e-05 -1.54321e-05 -2.20228e-05 8.18635e-09 
-3.82979e-14 -3.89671e-07 -7.94948e-07 -1.23206e-06 -1.7187e-06 -2.27537e-06 -2.92663e-06 -3.70304e-06 -4.6442e-06 -5.80367e-06 -7.2567e-06 -9.11229e-06 -1.15314e-05 -1.47496e-05 -1.90837e-05 -2.48482e-05 8.18635e-09 
-3.82979e-14 -4.95077e-07 -1.0097e-06 -1.56411e-06 -2.18018e-06 -2.88281e-06 -3.70115e-06 -4.67027e-06 -5.83362e-06 -7.24628e-06 -8.97938e-06 -1.11253e-05 -1.38019e-05 -1.71497e-05 -2.13051e-05 -2.63164e-05 8.18617e-09 
-5.71105e-14 -5.81088e-07 -1.18481e-06 -1.8345e-06 -2.55509e-06 -3.37456e-06 -4.32489e-06 -5.44329e-06 -6.77372e-06 -8.36844e-06 -1.02893e-05 -1.26076e-05 -1.54011e-05 -1.87422e-05 -2.26707e-05 -2.71434e-05 8.18617e-09 
-5.71105e-14 -6.44686e-07 -1.31419e-06 -2.03399e-06 -2.83111e-06 -3.73547e-06 -4.78056e-06 -6.00428e-06 -7.44955e-06 -9.16452e-06 -1.12016e-05 -1.36148e-05 -1.64528e-05 -1.97472e-05 -2.3492e-05 -2.76174e-05 8.18611e-09 
-6.71965e-14 -6.83688e-07 -1.3935e-06 -2.15618e-06 -2.9999e-06 -3.95565e-06 -5.05761e-06 -6.34371e-06 -7.8557e-06 -9.63847e-06 -1.1738e-05 -1.4197e-05 -1.7048e-05 -2.03018e-05 -2.39328e-05 -2.78655e-05 8.18611e-09 
-6.71965e-14 -6.96829e-07 -1.42021e-06 -2.19731e-06 -3.05668e-06 -4.02962e-06 -5.15052e-06 -6.45726e-06 -7.99109e-06 -9.7957e-06 -1.19147e-05 -1.43874e-05 -1.72406e-05 -2.0479e-05 -2.40719e-05 -2.7943e-05 8.18612e-09 
-6.71972e-14 -6.83677e-07 -1.39349e-06 -2.15616e-06 -2.9999e-06 -3.95565e-06 -5.05761e-06 -6.34371e-06 -7.85571e-06 -9.63848e-06 -1.1738e-05 -1.41971e-05 -1.70481e-05 -2.03018e-05 -2.39329e-05 -2.78656e-05 8.18612e-09 
-6.71972e-14 -6.44656e-07 -1.31415e-06 -2.03397e-06 -2.8311e-06 -3.73546e-06 -4.78056e-06 -6.00428e-06 -7.44957e-06 -9.16454e-06 -1.12017e-05 -1.36148e-05 -1.64528e-05 -1.97473e-05 -2.34922e-05 -2.76176e-05 8.18621e-09 
-5.71128e-14 -5.81056e-07 -1.18477e-06 -1.83447e-06 -2.55507e-06 -3.37455e-06 -4.32489e-06 -5.44329e-06 -6.77374e-06 -8.36848e-06 -1.02893e-05 -1.26077e-05 -1.54012e-05 -1.87423e-05 -2.26709e-05 -2.71436e-05 8.18621e-09 
-5.71128e-14 -4.95024e-07 -1.00963e-06 -1.56406e-06 -2.18015e-06 -2.88281e-06 -3.70115e-06 -4.67027e-06 -5.83363e-06 -7.24633e-06 -8.97944e-06 -1.11253e-05 -1.3802e-05 -1.71499e-05 -2.13054e-05 -2.63168e-05 8.18648e-09 
-3.82999e-14 -3.89633e-07 -7.9489e-07 -1.232e-06 -1.71867e-06 -2.27539e-06 -2.92664e-06 -3.703e-06 -4.6442e-06 -5.80377e-06 -7.25679e-06 -9.11225e-06 -1.15315e-05 -1.47499e-05 -1.9084e-05 -2.48481e-05 8.18648e-09 
-3.82999e-14 -2.68767e-07 -5.48447e-07 -8.50386e-07 -1.18716e-06 -1.57343e-06 -2.02702e-06 -2.5709e-06 -3.23639e-06 -4.06777e-06 -5.13169e-06 -6.5354e-06 -8.46186e-06 -1.12343e-05 -1.54327e-05 -2.20212e-05 8.18451e-09 
-2.69557e-14 -1.3714e-07 -2.79897e-07 -4.34106e-07 -6.06308e-07 -8.04139e-07 -1.03713e-06 -1.31768e-06 -1.6632e-06 -2.09924e-06 -2.66681e-06 -3.43712e-06 -4.54757e-06 -6.29265e-06 -9.39115e-06 -1.58417e-05 8.18451e-09 
-2.69557e-14 -2.69557e-14 -2.69557e-14 -4.26645e-14 -4.26645e-14 -7.90154e-14 -7.90154e-14 -1.29503e-13 -1.29503e-13 -2.06277e-13 -2.06277e-13 -3.37802e-13 -3.37802e-13 -6.18324e-13 -6.18324e-13 8.18451e-09 8.18451e-09 
]; 
 subplot(1,2,2); surf(B); drawnow; pause(0.5); 
A = [0 7.02248e-05 0.000143323 0.000222281 0.000310439 0.000411708 0.000531006 0.000674673 0.000851567 0.00107477 0.00136538 0.00175984 0.00232835 0.00322168 0.00480811 0.00811496 -32 
7.02248e-05 1.34791e-08 1.37587e-08 2.13307e-08 2.97991e-08 3.95153e-08 5.09763e-08 6.47429e-08 8.17372e-08 1.03157e-07 1.31075e-07 1.68877e-07 2.23494e-07 3.09208e-07 -3.2418e-07 -0.00409192 -31.9919 
0.00013763 1.32119e-08 -1.44306e-12 6.43465e-12 1.12484e-11 -1.46099e-11 -1.46105e-11 1.92762e-11 3.10427e-11 -3.81418e-11 -3.81415e-11 5.0296e-11 8.83918e-11 -1.1433e-10 -7.86009e-07 -0.00409328 -31.9887 
0.000199512 1.91496e-08 -4.58832e-12 3.53991e-12 6.94642e-16 7.30255e-12 7.30189e-12 1.34768e-15 3.51926e-15 1.90654e-11 1.90654e-11 3.51916e-15 1.05476e-14 5.71369e-11 -7.85843e-07 -0.00409317 -31.9873 
0.000253479 2.43335e-08 -1.80073e-12 3.54023e-12 -3.3235e-16 2.00133e-15 1.3478e-15 4.27926e-19 3.52001e-15 -7.03895e-15 -7.03827e-15 3.51851e-15 -1.29706e-18 1.05489e-14 -7.85887e-07 -0.00409312 -31.9865 
0.000297517 2.85561e-08 -7.01791e-12 5.27861e-12 -1.12319e-15 9.74337e-16 -1.79556e-19 1.79563e-19 6.48492e-19 3.51846e-15 3.51845e-15 1.29645e-18 6.47925e-19 2.39144e-22 -7.85889e-07 -0.00409308 -31.9861 
0.000330079 3.16849e-08 -4.34616e-12 5.27841e-12 -1.3186e-15 1.1465e-15 -1.47834e-19 1.79545e-19 6.48475e-19 -1.29689e-18 -1.29693e-18 6.48762e-19 2.39184e-22 -6.61633e-26 -7.85886e-07 -0.00409307 -31.9859 
0.000350048 3.35993e-08 -7.14342e-12 6.211e-12 -1.14644e-15 1.14641e-15 -2.42982e-19 2.11267e-19 8.06108e-23 6.48196e-19 6.48156e-19 1.19544e-22 -4.40845e-26 6.61275e-26 -7.85887e-07 -0.00409306 -31.9857 
0.000356776 3.42461e-08 -6.21093e-12 6.211e-12 -1.14646e-15 1.14644e-15 -2.11264e-19 2.11341e-19 3.61089e-23 1.58523e-22 1.19545e-22 4.3071e-26 2.20383e-26 1.86274e-29 -7.85888e-07 -0.00409305 -31.9857 
0.000350042 3.35997e-08 -6.21114e-12 6.2109e-12 -1.31845e-15 1.14642e-15 -2.11196e-19 6.18135e-19 4.06828e-19 1.14021e-22 -2.10262e-26 3.48676e-26 1.3835e-26 6.4306e-30 -7.85889e-07 -0.00409306 -31.9857 
0.000330064 3.16807e-08 -7.14352e-12 6.21141e-12 -8.02321e-16 9.74336e-16 1.64135e-19 -6.02834e-19 -8.14142e-19 4.07203e-19 7.50573e-23 -6.65628e-27 -2.76889e-26 1.95821e-22 -7.85898e-07 -0.00409308 -31.9859 
0.000297501 2.85573e-08 -4.3467e-12 5.27896e-12 -9.74402e-16 9.74506e-16 3.34121e-19 2.20882e-15 2.20864e-15 4.06977e-19 -1.50134e-22 7.50706e-23 1.95792e-22 1.06131e-18 -7.859e-07 -0.0040931 -31.9861 
0.000253452 2.43258e-08 -7.01818e-12 5.27937e-12 -5.67646e-16 9.74249e-16 2.20912e-15 -4.41821e-15 -4.41848e-15 2.20984e-15 4.06944e-19 5.76226e-15 5.76333e-15 -2.12354e-18 -7.85927e-07 -0.00409315 -31.9865 
0.000199492 1.91506e-08 -1.80015e-12 7.48181e-12 3.94108e-12 1.381e-15 2.2092e-15 1.19678e-11 1.19678e-11 2.20862e-15 5.76143e-15 3.12118e-11 3.12119e-11 5.76107e-15 -7.85931e-07 -0.00409324 -31.9873 
0.000137609 1.32067e-08 -6.45217e-13 -4.34636e-12 -7.8871e-12 1.1249e-11 1.9277e-11 -2.3942e-11 -2.39422e-11 3.10419e-11 5.0299e-11 -6.24514e-11 -6.24521e-11 8.83915e-11 -7.85697e-07 -0.00409342 -31.9887 
7.02155e-05 1.34784e-08 1.37583e-08 2.1333e-08 2.98022e-08 3.9509e-08 5.09697e-08 6.47532e-08 8.17487e-08 1.03142e-07 1.31059e-07 1.68906e-07 2.23528e-07 3.09171e-07 -3.24315e-07 -0.00409225 -31.9919 
8.67362e-19 7.02155e-05 0.000143307 0.000222262 0.00031043 0.000411719 0.000531012 0.000674653 0.000851559 0.00107481 0.00136541 0.0017598 0.00232836 0.00322183 0.00480827 0.00811514 -32 
]; 
 subplot(1,2,1); surf(A); 
B = [-2.6957e-14 -2.6957e-14 -2.6957e-14 -4.26599e-14 -4.26599e-14 -7.90282e-14 -7.90282e-14 -1.29482e-13 -1.29482e-13 -2.06307e-13 -2.06307e-13 -3.37743e-13 -3.37743e-13 -6.18401e-13 -6.18401e-13 8.18383e-09 8.18383e-09 
-2.6957e-14 -1.37158e-07 -2.79927e-07 -4.34142e-07 -6.06326e-07 -8.04118e-07 -1.03712e-06 -1.31772e-06 -1.66322e-06 -2.09917e-06 -2.66675e-06 -3.43719e-06 -4.54757e-06 -6.29235e-06 -9.39085e-06 -1.58414e-05 8.18383e-09 
-2.6957e-14 -2.68809e-07 -5.48515e-07 -8.50481e-07 -1.18721e-06 -1.57334e-06 -2.02696e-06 -2.57105e-06 -3.23649e-06 -4.0675e-06 -5.13147e-06 -6.53575e-06 -8.46204e-06 -1.12334e-05 -1.54321e-05 -2.20228e-05 8.18635e-09 
-3.82979e-14 -3.89671e-07 -7.94948e-07 -1.23206e-06 -1.7187e-06 -2.27537e-06 -2.92663e-06 -3.70304e-06 -4.6442e-06 -5.80367e-06 -7.2567e-06 -9.11229e-06 -1.15314e-05 -1.47496e-05 -1.90837e-05 -2.48482e-05 8.18635e-09 
-3.82979e-14 -4.95077e-07 -1.0097e-06 -1.56411e-06 -2.18018e-06 -2.88281e-06 -3.70115e-06 -4.67027e-06 -5.83362e-06 -7.24628e-06 -8.97938e-06 -1.11253e-05 -1.38019e-05 -1.71497e-05 -2.13051e-05 -2.63164e-05 8.18617e-09 
-5.71105e-14 -5.81088e-07 -1.18481e-06 -1.8345e-06 -2.55509e-06 -3.37456e-06 -4.32489e-06 -5.44329e-06 -6.77372e-06 -8.36844e-06 -1.02893e-05 -1.26076e-05 -1.54011e-05 -1.87422e-05 -2.26707e-05 -2.71434e-05 8.18617e-09 
-5.71105e-14 -6.44686e-07 -1.31419e-06 -2.03399e-06 -2.83111e-06 -3.73547e-06 -4.78056e-06 -6.00428e-06 -7.44955e-06 -9.16452e-06 -1.12016e-05 -1.36148e-05 -1.64528e-05 -1.97472e-05 -2.3492e-05 -2.76174e-05 8.18611e-09 
-6.71965e-14 -6.83688e-07 -1.3935e-06 -2.15618e-06 -2.9999e-06 -3.95565e-06 -5.05761e-06 -6.34371e-06 -7.8557e-06 -9.63847e-06 -1.1738e-05 -1.4197e-05 -1.7048e-05 -2.03018e-05 -2.39328e-05 -2.78655e-05 8.18611e-09 
-6.71965e-14 -6.96829e-07 -1.42021e-06 -2.19731e-06 -3.05668e-06 -4.02962e-06 -5.15052e-06 -6.45726e-06 -7.99109e-06 -9.7957e-06 -1.19147e-05 -1.43874e-05 -1.72406e-05 -2.0479e-05 -2.40719e-05 -2.7943e-05 8.18612e-09 
-6.71972e-14 -6.83677e-07 -1.39349e-06 -2.15616e-06 -2.9999e-06 -3.95565e-06 -5.05761e-06 -6.34371e-06 -7.85571e-06 -9.63848e-06 -1.1738e-05 -1.41971e-05 -1.70481e-05 -2.03018e-05 -2.39329e-05 -2.78656e-05 8.18612e-09 
-6.71972e-14 -6.44656e-07 -1.31415e-06 -2.03397e-06 -2.8311e-06 -3.73546e-06 -4.78056e-06 -6.00428e-06 -7.44957e-06 -9.16454e-06 -1.12017e-05 -1.36148e-05 -1.64528e-05 -1.97473e-05 -2.34922e-05 -2.76176e-05 8.18621e-09 
-5.71128e-14 -5.81056e-07 -1.18477e-06 -1.83447e-06 -2.55507e-06 -3.37455e-06 -4.32489e-06 -5.44329e-06 -6.77374e-06 -8.36848e-06 -1.02893e-05 -1.26077e-05 -1.54012e-05 -1.87423e-05 -2.26709e-05 -2.71436e-05 8.18621e-09 
-5.71128e-14 -4.95024e-07 -1.00963e-06 -1.56406e-06 -2.18015e-06 -2.88281e-06 -3.70115e-06 -4.67027e-06 -5.83363e-06 -7.24633e-06 -8.97944e-06 -1.11253e-05 -1.3802e-05 -1.71499e-05 -2.13054e-05 -2.63168e-05 8.18648e-09 
-3.82999e-14 -3.89633e-07 -7.9489e-07 -1.232e-06 -1.71867e-06 -2.27539e-06 -2.92664e-06 -3.703e-06 -4.6442e-06 -5.80377e-06 -7.25679e-06 -9.11225e-06 -1.15315e-05 -1.47499e-05 -1.9084e-05 -2.48481e-05 8.18648e-09 
-3.82999e-14 -2.68767e-07 -5.48447e-07 -8.50386e-07 -1.18716e-06 -1.57343e-06 -2.02702e-06 -2.5709e-06 -3.23639e-06 -4.06777e-06 -5.13169e-06 -6.5354e-06 -8.46186e-06 -1.12343e-05 -1.54327e-05 -2.20212e-05 8.18451e-09 
-2.69557e-14 -1.3714e-07 -2.79897e-07 -4.34106e-07 -6.06308e-07 -8.04139e-07 -1.03713e-06 -1.31768e-06 -1.6632e-06 -2.09924e-06 -2.66681e-06 -3.43712e-06 -4.54757e-06 -6.29265e-06 -9.39115e-06 -1.58417e-05 8.18451e-09 
-2.69557e-14 -2.69557e-14 -2.69557e-14 -4.26645e-14 -4.26645e-14 -7.90154e-14 -7.90154e-14 -1.29503e-13 -1.29503e-13 -2.06277e-13 -2.06277e-13 -3.37802e-13 -3.37802e-13 -6.18324e-13 -6.18324e-13 8.18451e-09 8.18451e-09 
]; 
 subplot(1,2,2); surf(B); drawnow; pause(0.5); 
A = [0 7.02248e-05 0.000143323 0.000222281 0.000310439 0.000411708 0.000531006 0.000674673 0.000851567 0.00107477 0.00136538 0.00175984 0.00232835 0.00322168 0.00480811 0.00811496 -32 
7.02248e-05 1.34791e-08 1.37587e-08 2.13307e-08 2.97991e-08 3.95153e-08 5.09763e-08 6.47429e-08 8.17372e-08 1.03157e-07 1.31075e-07 1.68877e-07 2.23494e-07 3.09208e-07 -3.2418e-07 -0.00409192 -31.9919 
0.00013763 1.32119e-08 -1.44306e-12 6.43465e-12 1.12484e-11 -1.46099e-11 -1.46105e-11 1.92762e-11 3.10427e-11 -3.81418e-11 -3.81415e-11 5.0296e-11 8.83918e-11 -1.1433e-10 -7.86009e-07 -0.00409328 -31.9887 
0.000199512 1.91496e-08 -4.58832e-12 3.53991e-12 6.94642e-16 7.30255e-12 7.30189e-12 1.34768e-15 3.51926e-15 1.90654e-11 1.90654e-11 3.51916e-15 1.05476e-14 5.71369e-11 -7.85843e-07 -0.00409317 -31.9873 
0.000253479 2.43335e-08 -1.80073e-12 3.54023e-12 -3.3235e-16 2.00133e-15 1.3478e-15 4.27926e-19 3.52001e-15 -7.03895e-15 -7.03827e-15 3.51851e-15 -1.29706e-18 1.05489e-14 -7.85887e-07 -0.00409312 -31.9865 
0.000297517 2.85561e-08 -7.01791e-12 5.27861e-12 -1.12319e-15 9.74337e-16 -1.79556e-19 1.79563e-19 6.48492e-19 3.51846e-15 3.51845e-15 1.29645e-18 6.47925e-19 2.39144e-22 -7.85889e-07 -0.00409308 -31.9861 
0.000330079 3.16849e-08 -4.34616e-12 5.27841e-12 -1.3186e-15 1.1465e-15 -1.47834e-19 1.79545e-19 6.48475e-19 -1.29689e-18 -1.29693e-18 6.48762e-19 2.39184e-22 -6.61633e-26 -7.85886e-07 -0.00409307 -31.9859 
0.000350048 3.35993e-08 -7.14342e-12 6.211e-12 -1.14644e-15 1.14641e-15 -2.42982e-19 2.11267e-19 8.06108e-23 6.48196e-19 6.48156e-19 1.19544e-22 -4.40845e-26 6.61275e-26 -7.85887e-07 -0.00409306 -31.9857 
0.000356776 3.42461e-08 -6.21093e-12 6.211e-12 -1.14646e-15 1.14644e-15 -2.11264e-19 2.11341e-19 3.61089e-23 1.58523e-22 1.19545e-22 4.3071e-26 2.20383e-26 1.86274e-29 -7.85888e-07 -0.00409305 -31.9857 
0.000350042 3.35997e-08 -6.21114e-12 6.2109e-12 -1.31845e-15 1.14642e-15 -2.11196e-19 6.18135e-19 4.06828e-19 1.14021e-22 -2.10262e-26 3.48676e-26 1.3835e-26 6.4306e-30 -7.85889e-07 -0.00409306 -31.9857 
0.000330064 3.16807e-08 -7.14352e-12 6.21141e-12 -8.02321e-16 9.74336e-16 1.64135e-19 -6.02834e-19 -8.14142e-19 4.07203e-19 7.50573e-23 -6.65628e-27 -2.76889e-26 1.95821e-22 -7.85898e-07 -0.00409308 -31.9859 
0.000297501 2.85573e-08 -4.3467e-12 5.27896e-12 -9.74402e-16 9.74506e-16 3.34121e-19 2.20882e-15 2.20864e-15 4.06977e-19 -1.50134e-22 7.50706e-23 1.95792e-22 1.06131e-18 -7.859e-07 -0.0040931 -31.9861 
0.000253452 2.43258e-08 -7.01818e-12 5.27937e-12 -5.67646e-16 9.74249e-16 2.20912e-15 -4.41821e-15 -4.41848e-15 2.20984e-15 4.06944e-19 5.76226e-15 5.76333e-15 -2.12354e-18 -7.85927e-07 -0.00409315 -31.9865 
0.000199492 1.91506e-08 -1.80015e-12 7.48181e-12 3.94108e-12 1.381e-15 2.2092e-15 1.19678e-11 1.19678e-11 2.20862e-15 5.76143e-15 3.12118e-11 3.12119e-11 5.76107e-15 -7.85931e-07 -0.00409324 -31.9873 
0.000137609 1.32067e-08 -6.45217e-13 -4.34636e-12 -7.8871e-12 1.1249e-11 1.9277e-11 -2.3942e-11 -2.39422e-11 3.10419e-11 5.0299e-11 -6.24514e-11 -6.24521e-11 8.83915e-11 -7.85697e-07 -0.00409342 -31.9887 
7.02155e-05 1.34784e-08 1.37583e-08 2.1333e-08 2.98022e-08 3.9509e-08 5.09697e-08 6.47532e-08 8.17487e-08 1.03142e-07 1.31059e-07 1.68906e-07 2.23528e-07 3.09171e-07 -3.24315e-07 -0.00409225 -31.9919 
8.67362e-19 7.02155e-05 0.000143307 0.000222262 0.00031043 0.000411719 0.000531012 0.000674653 0.000851559 0.00107481 0.00136541 0.0017598 0.00232836 0.00322183 0.00480827 0.00811514 -32 
]; 
 subplot(1,2,1); surf(A); 
B = [-2.6957e-14 -2.6957e-14 -2.6957e-14 -4.26599e-14 -4.26599e-14 -7.90282e-14 -7.90282e-14 -1.29482e-13 -1.29482e-13 -2.06307e-13 -2.06307e-13 -3.37743e-13 -3.37743e-13 -6.18401e-13 -6.18401e-13 8.18383e-09 8.18383e-09 
-2.6957e-14 -1.37158e-07 -2.79927e-07 -4.34142e-07 -6.06326e-07 -8.04118e-07 -1.03712e-06 -1.31772e-06 -1.66322e-06 -2.09917e-06 -2.66675e-06 -3.43719e-06 -4.54757e-06 -6.29235e-06 -9.39085e-06 -1.58414e-05 8.18383e-09 
-2.6957e-14 -2.68809e-07 -5.48515e-07 -8.50481e-07 -1.18721e-06 -1.57334e-06 -2.02696e-06 -2.57105e-06 -3.23649e-06 -4.0675e-06 -5.13147e-06 -6.53575e-06 -8.46204e-06 -1.12334e-05 -1.54321e-05 -2.20228e-05 8.18635e-09 
-3.82979e-14 -3.89671e-07 -7.94948e-07 -1.23206e-06 -1.7187e-06 -2.27537e-06 -2.92663e-06 -3.70304e-06 -4.6442e-06 -5.80367e-06 -7.2567e-06 -9.11229e-06 -1.15314e-05 -1.47496e-05 -1.90837e-05 -2.48482e-05 8.18635e-09 
-3.82979e-14 -4.95077e-07 -1.0097e-06 -1.56411e-06 -2.18018e-06 -2.88281e-06 -3.70115e-06 -4.67027e-06 -5.83362e-06 -7.24628e-06 -8.97938e-06 -1.11253e-05 -1.38019e-05 -1.71497e-05 -2.13051e-05 -2.63164e-05 8.18617e-09 
-5.71105e-14 -5.81088e-07 -1.18481e-06 -1.8345e-06 -2.55509e-06 -3.37456e-06 -4.32489e-06 -5.44329e-06 -6.77372e-06 -8.36844e-06 -1.02893e-05 -1.26076e-05 -1.54011e-05 -1.87422e-05 -2.26707e-05 -2.71434e-05 8.18617e-09 
-5.71105e-14 -6.44686e-07 -1.31419e-06 -2.03399e-06 -2.83111e-06 -3.73547e-06 -4.78056e-06 -6.00428e-06 -7.44955e-06 -9.16452e-06 -1.12016e-05 -1.36148e-05 -1.64528e-05 -1.97472e-05 -2.3492e-05 -2.76174e-05 8.18611e-09 
-6.71965e-14 -6.83688e-07 -1.3935e-06 -2.15618e-06 -2.9999e-06 -3.95565e-06 -5.05761e-06 -6.34371e-06 -7.8557e-06 -9.63847e-06 -1.1738e-05 -1.4197e-05 -1.7048e-05 -2.03018e-05 -2.39328e-05 -2.78655e-05 8.18611e-09 
-6.71965e-14 -6.96829e-07 -1.42021e-06 -2.19731e-06 -3.05668e-06 -4.02962e-06 -5.15052e-06 -6.45726e-06 -7.99109e-06 -9.7957e-06 -1.19147e-05 -1.43874e-05 -1.72406e-05 -2.0479e-05 -2.40719e-05 -2.7943e-05 8.18612e-09 
-6.71972e-14 -6.83677e-07 -1.39349e-06 -2.15616e-06 -2.9999e-06 -3.95565e-06 -5.05761e-06 -6.34371e-06 -7.85571e-06 -9.63848e-06 -1.1738e-05 -1.41971e-05 -1.70481e-05 -2.03018e-05 -2.39329e-05 -2.78656e-05 8.18612e-09 
-6.71972e-14 -6.44656e-07 -1.31415e-06 -2.03397e-06 -2.8311e-06 -3.73546e-06 -4.78056e-06 -6.00428e-06 -7.44957e-06 -9.16454e-06 -1.12017e-05 -1.36148e-05 -1.64528e-05 -1.97473e-05 -2.34922e-05 -2.76176e-05 8.18621e-09 
-5.71128e-14 -5.81056e-07 -1.18477e-06 -1.83447e-06 -2.55507e-06 -3.37455e-06 -4.32489e-06 -5.44329e-06 -6.77374e-06 -8.36848e-06 -1.02893e-05 -1.26077e-05 -1.54012e-05 -1.87423e-05 -2.26709e-05 -2.71436e-05 8.18621e-09 
-5.71128e-14 -4.95024e-07 -1.00963e-06 -1.56406e-06 -2.18015e-06 -2.88281e-06 -3.70115e-06 -4.67027e-06 -5.83363e-06 -7.24633e-06 -8.97944e-06 -1.11253e-05 -1.3802e-05 -1.71499e-05 -2.13054e-05 -2.63168e-05 8.18648e-09 
-3.82999e-14 -3.89633e-07 -7.9489e-07 -1.232e-06 -1.71867e-06 -2.27539e-06 -2.92664e-06 -3.703e-06 -4.6442e-06 -5.80377e-06 -7.25679e-06 -9.11225e-06 -1.15315e-05 -1.47499e-05 -1.9084e-05 -2.48481e-05 8.18648e-09 
-3.82999e-14 -2.68767e-07 -5.48447e-07 -8.50386e-07 -1.18716e-06 -1.57343e-06 -2.02702e-06 -2.5709e-06 -3.23639e-06 -4.06777e-06 -5.13169e-06 -6.5354e-06 -8.46186e-06 -1.12343e-05 -1.54327e-05 -2.20212e-05 8.18451e-09 
-2.69557e-14 -1.3714e-07 -2.79897e-07 -4.34106e-07 -6.06308e-07 -8.04139e-07 -1.03713e-06 -1.31768e-06 -1.6632e-06 -2.09924e-06 -2.66681e-06 -3.43712e-06 -4.54757e-06 -6.29265e-06 -9.39115e-06 -1.58417e-05 8.18451e-09 
-2.69557e-14 -2.69557e-14 -2.69557e-14 -4.26645e-14 -4.26645e-14 -7.90154e-14 -7.90154e-14 -1.29503e-13 -1.29503e-13 -2.06277e-13 -2.06277e-13 -3.37802e-13 -3.37802e-13 -6.18324e-13 -6.18324e-13 8.18451e-09 8.18451e-09 
]; 
 subplot(1,2,2); surf(B); drawnow; pause(0.5); 
A = [0 7.02248e-05 0.000143323 0.000222281 0.000310439 0.000411708 0.000531006 0.000674673 0.000851567 0.00107477 0.00136538 0.00175984 0.00232835 0.00322168 0.00480811 0.00811496 -32 
7.02248e-05 1.34791e-08 1.37587e-08 2.13307e-08 2.97991e-08 3.95153e-08 5.09763e-08 6.47429e-08 8.17372e-08 1.03157e-07 1.31075e-07 1.68877e-07 2.23494e-07 3.09208e-07 -3.2418e-07 -0.00409192 -31.9919 
0.00013763 1.32119e-08 -1.44306e-12 6.43465e-12 1.12484e-11 -1.46099e-11 -1.46105e-11 1.92762e-11 3.10427e-11 -3.81418e-11 -3.81415e-11 5.0296e-11 8.83918e-11 -1.1433e-10 -7.86009e-07 -0.00409328 -31.9887 
0.000199512 1.91496e-08 -4.58832e-12 3.53991e-12 6.94642e-16 7.30255e-12 7.30189e-12 1.34768e-15 3.51926e-15 1.90654e-11 1.90654e-11 3.51916e-15 1.05476e-14 5.71369e-11 -7.85843e-07 -0.00409317 -31.9873 
0.000253479 2.43335e-08 -1.80073e-12 3.54023e-12 -3.3235e-16 2.00133e-15 1.3478e-15 4.27926e-19 3.52001e-15 -7.03895e-15 -7.03827e-15 3.51851e-15 -1.29706e-18 1.05489e-14 -7.85887e-07 -0.00409312 -31.9865 
0.000297517 2.85561e-08 -7.01791e-12 5.27861e-12 -1.12319e-15 9.74337e-16 -1.79556e-19 1.79563e-19 6.48492e-19 3.51846e-15 3.51845e-15 1.29645e-18 6.47925e-19 2.39144e-22 -7.85889e-07 -0.00409308 -31.9861 
0.000330079 3.16849e-08 -4.34616e-12 5.27841e-12 -1.3186e-15 1.1465e-15 -1.47834e-19 1.79545e-19 6.48475e-19 -1.29689e-18 -1.29693e-18 6.48762e-19 2.39184e-22 -6.61633e-26 -7.85886e-07 -0.00409307 -31.9859 
0.000350048 3.35993e-08 -7.14342e-12 6.211e-12 -1.14644e-15 1.14641e-15 -2.42982e-19 2.11267e-19 8.06108e-23 6.48196e-19 6.48156e-19 1.19544e-22 -4.40845e-26 6.61275e-26 -7.85887e-07 -0.00409306 -31.9857 
0.000356776 3.42461e-08 -6.21093e-12 6.211e-12 -1.14646e-15 1.14644e-15 -2.11264e-19 2.11341e-19 3.61089e-23 1.58523e-22 1.19545e-22 4.3071e-26 2.20383e-26 1.86274e-29 -7.85888e-07 -0.00409305 -31.9857 
0.000350042 3.35997e-08 -6.21114e-12 6.2109e-12 -1.31845e-15 1.14642e-15 -2.11196e-19 6.18135e-19 4.06828e-19 1.14021e-22 -2.10262e-26 3.48676e-26 1.3835e-26 6.4306e-30 -7.85889e-07 -0.00409306 -31.9857 
0.000330064 3.16807e-08 -7.14352e-12 6.21141e-12 -8.02321e-16 9.74336e-16 1.64135e-19 -6.02834e-19 -8.14142e-19 4.07203e-19 7.50573e-23 -6.65628e-27 -2.76889e-26 1.95821e-22 -7.85898e-07 -0.00409308 -31.9859 
0.000297501 2.85573e-08 -4.3467e-12 5.27896e-12 -9.74402e-16 9.74506e-16 3.34121e-19 2.20882e-15 2.20864e-15 4.06977e-19 -1.50134e-22 7.50706e-23 1.95792e-22 1.06131e-18 -7.859e-07 -0.0040931 -31.9861 
0.000253452 2.43258e-08 -7.01818e-12 5.27937e-12 -5.67646e-16 9.74249e-16 2.20912e-15 -4.41821e-15 -4.41848e-15 2.20984e-15 4.06944e-19 5.76226e-15 5.76333e-15 -2.12354e-18 -7.85927e-07 -0.00409315 -31.9865 
0.000199492 1.91506e-08 -1.80015e-12 7.48181e-12 3.94108e-12 1.381e-15 2.2092e-15 1.19678e-11 1.19678e-11 2.20862e-15 5.76143e-15 3.12118e-11 3.12119e-11 5.76107e-15 -7.85931e-07 -0.00409324 -31.9873 
0.000137609 1.32067e-08 -6.45217e-13 -4.34636e-12 -7.8871e-12 1.1249e-11 1.9277e-11 -2.3942e-11 -2.39422e-11 3.10419e-11 5.0299e-11 -6.24514e-11 -6.24521e-11 8.83915e-11 -7.85697e-07 -0.00409342 -31.9887 
7.02155e-05 1.34784e-08 1.37583e-08 2.1333e-08 2.98022e-08 3.9509e-08 5.09697e-08 6.47532e-08 8.17487e-08 1.03142e-07 1.31059e-07 1.68906e-07 2.23528e-07 3.09171e-07 -3.24315e-07 -0.00409225 -31.9919 
8.67362e-19 7.02155e-05 0.000143307 0.000222262 0.00031043 0.000411719 0.000531012 0.000674653 0.000851559 0.00107481 0.00136541 0.0017598 0.00232836 0.00322183 0.00480827 0.00811514 -32 
]; 
 subplot(1,2,1); surf(A); 
B = [-2.6957e-14 -2.6957e-14 -2.6957e-14 -4.26599e-14 -4.26599e-14 -7.90282e-14 -7.90282e-14 -1.29482e-13 -1.29482e-13 -2.06307e-13 -2.06307e-13 -3.37743e-13 -3.37743e-13 -6.18401e-13 -6.18401e-13 8.18383e-09 8.18383e-09 
-2.6957e-14 -1.37158e-07 -2.79927e-07 -4.34142e-07 -6.06326e-07 -8.04118e-07 -1.03712e-06 -1.31772e-06 -1.66322e-06 -2.09917e-06 -2.66675e-06 -3.43719e-06 -4.54757e-06 -6.29235e-06 -9.39085e-06 -1.58414e-05 8.18383e-09 
-2.6957e-14 -2.68809e-07 -5.48515e-07 -8.50481e-07 -1.18721e-06 -1.57334e-06 -2.02696e-06 -2.57105e-06 -3.23649e-06 -4.0675e-06 -5.13147e-06 -6.53575e-06 -8.46204e-06 -1.12334e-05 -1.54321e-05 -2.20228e-05 8.18635e-09 
-3.82979e-14 -3.89671e-07 -7.94948e-07 -1.23206e-06 -1.7187e-06 -2.27537e-06 -2.92663e-06 -3.70304e-06 -4.6442e-06 -5.80367e-06 -7.2567e-06 -9.11229e-06 -1.15314e-05 -1.47496e-05 -1.90837e-05 -2.48482e-05 8.18635e-09 
-3.82979e-14 -4.95077e-07 -1.0097e-06 -1.56411e-06 -2.18018e-06 -2.88281e-06 -3.70115e-06 -4.67027e-06 -5.83362e-06 -7.24628e-06 -8.97938e-06 -1.11253e-05 -1.38019e-05 -1.71497e-05 -2.13051e-05 -2.63164e-05 8.18617e-09 
-5.71105e-14 -5.81088e-07 -1.18481e-06 -1.8345e-06 -2.55509e-06 -3.37456e-06 -4.32489e-06 -5.44329e-06 -6.77372e-06 -8.36844e-06 -1.02893e-05 -1.26076e-05 -1.54011e-05 -1.87422e-05 -2.26707e-05 -2.71434e-05 8.18617e-09 
-5.71105e-14 -6.44686e-07 -1.31419e-06 -2.03399e-06 -2.83111e-06 -3.73547e-06 -4.78056e-06 -6.00428e-06 -7.44955e-06 -9.16452e-06 -1.12016e-05 -1.36148e-05 -1.64528e-05 -1.97472e-05 -2.3492e-05 -2.76174e-05 8.18611e-09 
-6.71965e-14 -6.83688e-07 -1.3935e-06 -2.15618e-06 -2.9999e-06 -3.95565e-06 -5.05761e-06 -6.34371e-06 -7.8557e-06 -9.63847e-06 -1.1738e-05 -1.4197e-05 -1.7048e-05 -2.03018e-05 -2.39328e-05 -2.78655e-05 8.18611e-09 
-6.71965e-14 -6.96829e-07 -1.42021e-06 -2.19731e-06 -3.05668e-06 -4.02962e-06 -5.15052e-06 -6.45726e-06 -7.99109e-06 -9.7957e-06 -1.19147e-05 -1.43874e-05 -1.72406e-05 -2.0479e-05 -2.40719e-05 -2.7943e-05 8.18612e-09 
-6.71972e-14 -6.83677e-07 -1.39349e-06 -2.15616e-06 -2.9999e-06 -3.95565e-06 -5.05761e-06 -6.34371e-06 -7.85571e-06 -9.63848e-06 -1.1738e-05 -1.41971e-05 -1.70481e-05 -2.03018e-05 -2.39329e-05 -2.78656e-05 8.18612e-09 
-6.71972e-14 -6.44656e-07 -1.31415e-06 -2.03397e-06 -2.8311e-06 -3.73546e-06 -4.78056e-06 -6.00428e-06 -7.44957e-06 -9.16454e-06 -1.12017e-05 -1.36148e-05 -1.64528e-05 -1.97473e-05 -2.34922e-05 -2.76176e-05 8.18621e-09 
-5.71128e-14 -5.81056e-07 -1.18477e-06 -1.83447e-06 -2.55507e-06 -3.37455e-06 -4.32489e-06 -5.44329e-06 -6.77374e-06 -8.36848e-06 -1.02893e-05 -1.26077e-05 -1.54012e-05 -1.87423e-05 -2.26709e-05 -2.71436e-05 8.18621e-09 
-5.71128e-14 -4.95024e-07 -1.00963e-06 -1.56406e-06 -2.18015e-06 -2.88281e-06 -3.70115e-06 -4.67027e-06 -5.83363e-06 -7.24633e-06 -8.97944e-06 -1.11253e-05 -1.3802e-05 -1.71499e-05 -2.13054e-05 -2.63168e-05 8.18648e-09 
-3.82999e-14 -3.89633e-07 -7.9489e-07 -1.232e-06 -1.71867e-06 -2.27539e-06 -2.92664e-06 -3.703e-06 -4.6442e-06 -5.80377e-06 -7.25679e-06 -9.11225e-06 -1.15315e-05 -1.47499e-05 -1.9084e-05 -2.48481e-05 8.18648e-09 
-3.82999e-14 -2.68767e-07 -5.48447e-07 -8.50386e-07 -1.18716e-06 -1.57343e-06 -2.02702e-06 -2.5709e-06 -3.23639e-06 -4.06777e-06 -5.13169e-06 -6.5354e-06 -8.46186e-06 -1.12343e-05 -1.54327e-05 -2.20212e-05 8.18451e-09 
-2.69557e-14 -1.3714e-07 -2.79897e-07 -4.34106e-07 -6.06308e-07 -8.04139e-07 -1.03713e-06 -1.31768e-06 -1.6632e-06 -2.09924e-06 -2.66681e-06 -3.43712e-06 -4.54757e-06 -6.29265e-06 -9.39115e-06 -1.58417e-05 8.18451e-09 
-2.69557e-14 -2.69557e-14 -2.69557e-14 -4.26645e-14 -4.26645e-14 -7.90154e-14 -7.90154e-14 -1.29503e-13 -1.29503e-13 -2.06277e-13 -2.06277e-13 -3.37802e-13 -3.37802e-13 -6.18324e-13 -6.18324e-13 8.18451e-09 8.18451e-09 
]; 
 subplot(1,2,2); surf(B); drawnow; pause(0.5); 
A = [0 7.02248e-05 0.000143323 0.000222281 0.000310439 0.000411708 0.000531006 0.000674673 0.000851567 0.00107477 0.00136538 0.00175984 0.00232835 0.00322168 0.00480811 0.00811496 -32 
7.02248e-05 1.34791e-08 1.37587e-08 2.13307e-08 2.97991e-08 3.95153e-08 5.09763e-08 6.47429e-08 8.17372e-08 1.03157e-07 1.31075e-07 1.68877e-07 2.23494e-07 3.09208e-07 -3.2418e-07 -0.00409192 -31.9919 
0.00013763 1.32119e-08 -1.44306e-12 6.43465e-12 1.12484e-11 -1.46099e-11 -1.46105e-11 1.92762e-11 3.10427e-11 -3.81418e-11 -3.81415e-11 5.0296e-11 8.83918e-11 -1.1433e-10 -7.86009e-07 -0.00409328 -31.9887 
0.000199512 1.91496e-08 -4.58832e-12 3.53991e-12 6.94642e-16 7.30255e-12 7.30189e-12 1.34768e-15 3.51926e-15 1.90654e-11 1.90654e-11 3.51916e-15 1.05476e-14 5.71369e-11 -7.85843e-07 -0.00409317 -31.9873 
0.000253479 2.43335e-08 -1.80073e-12 3.54023e-12 -3.3235e-16 2.00133e-15 1.3478e-15 4.27926e-19 3.52001e-15 -7.03895e-15 -7.03827e-15 3.51851e-15 -1.29706e-18 1.05489e-14 -7.85887e-07 -0.00409312 -31.9865 
0.000297517 2.85561e-08 -7.01791e-12 5.27861e-12 -1.12319e-15 9.74337e-16 -1.79556e-19 1.79563e-19 6.48492e-19 3.51846e-15 3.51845e-15 1.29645e-18 6.47925e-19 2.39144e-22 -7.85889e-07 -0.00409308 -31.9861 
0.000330079 3.16849e-08 -4.34616e-12 5.27841e-12 -1.3186e-15 1.1465e-15 -1.47834e-19 1.79545e-19 6.48475e-19 -1.29689e-18 -1.29693e-18 6.48762e-19 2.39184e-22 -6.61633e-26 -7.85886e-07 -0.00409307 -31.9859 
0.000350048 3.35993e-08 -7.14342e-12 6.211e-12 -1.14644e-15 1.14641e-15 -2.42982e-19 2.11267e-19 8.06108e-23 6.48196e-19 6.48156e-19 1.19544e-22 -4.40845e-26 6.61275e-26 -7.85887e-07 -0.00409306 -31.9857 
0.000356776 3.42461e-08 -6.21093e-12 6.211e-12 -1.14646e-15 1.14644e-15 -2.11264e-19 2.11341e-19 3.61089e-23 1.58523e-22 1.19545e-22 4.3071e-26 2.20383e-26 1.86274e-29 -7.85888e-07 -0.00409305 -31.9857 
0.000350042 3.35997e-08 -6.21114e-12 6.2109e-12 -1.31845e-15 1.14642e-15 -2.11196e-19 6.18135e-19 4.06828e-19 1.14021e-22 -2.10262e-26 3.48676e-26 1.3835e-26 6.4306e-30 -7.85889e-07 -0.00409306 -31.9857 
0.000330064 3.16807e-08 -7.14352e-12 6.21141e-12 -8.02321e-16 9.74336e-16 1.64135e-19 -6.02834e-19 -8.14142e-19 4.07203e-19 7.50573e-23 -6.65628e-27 -2.76889e-26 1.95821e-22 -7.85898e-07 -0.00409308 -31.9859 
0.000297501 2.85573e-08 -4.3467e-12 5.27896e-12 -9.74402e-16 9.74506e-16 3.34121e-19 2.20882e-15 2.20864e-15 4.06977e-19 -1.50134e-22 7.50706e-23 1.95792e-22 1.06131e-18 -7.859e-07 -0.0040931 -31.9861 
0.000253452 2.43258e-08 -7.01818e-12 5.27937e-12 -5.67646e-16 9.74249e-16 2.20912e-15 -4.41821e-15 -4.41848e-15 2.20984e-15 4.06944e-19 5.76226e-15 5.76333e-15 -2.12354e-18 -7.85927e-07 -0.00409315 -31.9865 
0.000199492 1.91506e-08 -1.80015e-12 7.48181e-12 3.94108e-12 1.381e-15 2.2092e-15 1.19678e-11 1.19678e-11 2.20862e-15 5.76143e-15 3.12118e-11 3.12119e-11 5.76107e-15 -7.85931e-07 -0.00409324 -31.9873 
0.000137609 1.32067e-08 -6.45217e-13 -4.34636e-12 -7.8871e-12 1.1249e-11 1.9277e-11 -2.3942e-11 -2.39422e-11 3.10419e-11 5.0299e-11 -6.24514e-11 -6.24521e-11 8.83915e-11 -7.85697e-07 -0.00409342 -31.9887 
7.02155e-05 1.34784e-08 1.37583e-08 2.1333e-08 2.98022e-08 3.9509e-08 5.09697e-08 6.47532e-08 8.17487e-08 1.03142e-07 1.31059e-07 1.68906e-07 2.23528e-07 3.09171e-07 -3.24315e-07 -0.00409225 -31.9919 
8.67362e-19 7.02155e-05 0.000143307 0.000222262 0.00031043 0.000411719 0.000531012 0.000674653 0.000851559 0.00107481 0.00136541 0.0017598 0.00232836 0.00322183 0.00480827 0.00811514 -32 
]; 
 subplot(1,2,1); surf(A); 
B = [-2.6957e-14 -2.6957e-14 -2.6957e-14 -4.26599e-14 -4.26599e-14 -7.90282e-14 -7.90282e-14 -1.29482e-13 -1.29482e-13 -2.06307e-13 -2.06307e-13 -3.37743e-13 -3.37743e-13 -6.18401e-13 -6.18401e-13 8.18383e-09 8.18383e-09 
-2.6957e-14 -1.37158e-07 -2.79927e-07 -4.34142e-07 -6.06326e-07 -8.04118e-07 -1.03712e-06 -1.31772e-06 -1.66322e-06 -2.09917e-06 -2.66675e-06 -3.43719e-06 -4.54757e-06 -6.29235e-06 -9.39085e-06 -1.58414e-05 8.18383e-09 
-2.6957e-14 -2.68809e-07 -5.48515e-07 -8.50481e-07 -1.18721e-06 -1.57334e-06 -2.02696e-06 -2.57105e-06 -3.23649e-06 -4.0675e-06 -5.13147e-06 -6.53575e-06 -8.46204e-06 -1.12334e-05 -1.54321e-05 -2.20228e-05 8.18635e-09 
-3.82979e-14 -3.89671e-07 -7.94948e-07 -1.23206e-06 -1.7187e-06 -2.27537e-06 -2.92663e-06 -3.70304e-06 -4.6442e-06 -5.80367e-06 -7.2567e-06 -9.11229e-06 -1.15314e-05 -1.47496e-05 -1.90837e-05 -2.48482e-05 8.18635e-09 
-3.82979e-14 -4.95077e-07 -1.0097e-06 -1.56411e-06 -2.18018e-06 -2.88281e-06 -3.70115e-06 -4.67027e-06 -5.83362e-06 -7.24628e-06 -8.97938e-06 -1.11253e-05 -1.38019e-05 -1.71497e-05 -2.13051e-05 -2.63164e-05 8.18617e-09 
-5.71105e-14 -5.81088e-07 -1.18481e-06 -1.8345e-06 -2.55509e-06 -3.37456e-06 -4.32489e-06 -5.44329e-06 -6.77372e-06 -8.36844e-06 -1.02893e-05 -1.26076e-05 -1.54011e-05 -1.87422e-05 -2.26707e-05 -2.71434e-05 8.18617e-09 
-5.71105e-14 -6.44686e-07 -1.31419e-06 -2.03399e-06 -2.83111e-06 -3.73547e-06 -4.78056e-06 -6.00428e-06 -7.44955e-06 -9.16452e-06 -1.12016e-05 -1.36148e-05 -1.64528e-05 -1.97472e-05 -2.3492e-05 -2.76174e-05 8.18611e-09 
-6.71965e-14 -6.83688e-07 -1.3935e-06 -2.15618e-06 -2.9999e-06 -3.95565e-06 -5.05761e-06 -6.34371e-06 -7.8557e-06 -9.63847e-06 -1.1738e-05 -1.4197e-05 -1.7048e-05 -2.03018e-05 -2.39328e-05 -2.78655e-05 8.18611e-09 
-6.71965e-14 -6.96829e-07 -1.42021e-06 -2.19731e-06 -3.05668e-06 -4.02962e-06 -5.15052e-06 -6.45726e-06 -7.99109e-06 -9.7957e-06 -1.19147e-05 -1.43874e-05 -1.72406e-05 -2.0479e-05 -2.40719e-05 -2.7943e-05 8.18612e-09 
-6.71972e-14 -6.83677e-07 -1.39349e-06 -2.15616e-06 -2.9999e-06 -3.95565e-06 -5.05761e-06 -6.34371e-06 -7.85571e-06 -9.63848e-06 -1.1738e-05 -1.41971e-05 -1.70481e-05 -2.03018e-05 -2.39329e-05 -2.78656e-05 8.18612e-09 
-6.71972e-14 -6.44656e-07 -1.31415e-06 -2.03397e-06 -2.8311e-06 -3.73546e-06 -4.78056e-06 -6.00428e-06 -7.44957e-06 -9.16454e-06 -1.12017e-05 -1.36148e-05 -1.64528e-05 -1.97473e-05 -2.34922e-05 -2.76176e-05 8.18621e-09 
-5.71128e-14 -5.81056e-07 -1.18477e-06 -1.83447e-06 -2.55507e-06 -3.37455e-06 -4.32489e-06 -5.44329e-06 -6.77374e-06 -8.36848e-06 -1.02893e-05 -1.26077e-05 -1.54012e-05 -1.87423e-05 -2.26709e-05 -2.71436e-05 8.18621e-09 
-5.71128e-14 -4.95024e-07 -1.00963e-06 -1.56406e-06 -2.18015e-06 -2.88281e-06 -3.70115e-06 -4.67027e-06 -5.83363e-06 -7.24633e-06 -8.97944e-06 -1.11253e-05 -1.3802e-05 -1.71499e-05 -2.13054e-05 -2.63168e-05 8.18648e-09 
-3.82999e-14 -3.89633e-07 -7.9489e-07 -1.232e-06 -1.71867e-06 -2.27539e-06 -2.92664e-06 -3.703e-06 -4.6442e-06 -5.80377e-06 -7.25679e-06 -9.11225e-06 -1.15315e-05 -1.47499e-05 -1.9084e-05 -2.48481e-05 8.18648e-09 
-3.82999e-14 -2.68767e-07 -5.48447e-07 -8.50386e-07 -1.18716e-06 -1.57343e-06 -2.02702e-06 -2.5709e-06 -3.23639e-06 -4.06777e-06 -5.13169e-06 -6.5354e-06 -8.46186e-06 -1.12343e-05 -1.54327e-05 -2.20212e-05 8.18451e-09 
-2.69557e-14 -1.3714e-07 -2.79897e-07 -4.34106e-07 -6.06308e-07 -8.04139e-07 -1.03713e-06 -1.31768e-06 -1.6632e-06 -2.09924e-06 -2.66681e-06 -3.43712e-06 -4.54757e-06 -6.29265e-06 -9.39115e-06 -1.58417e-05 8.18451e-09 
-2.69557e-14 -2.69557e-14 -2.69557e-14 -4.26645e-14 -4.26645e-14 -7.90154e-14 -7.90154e-14 -1.29503e-13 -1.29503e-13 -2.06277e-13 -2.06277e-13 -3.37802e-13 -3.37802e-13 -6.18324e-13 -6.18324e-13 8.18451e-09 8.18451e-09 
]; 
 subplot(1,2,2); surf(B); drawnow; pause(0.5); 
A = [0 7.02248e-05 0.000143323 0.000222281 0.000310439 0.000411708 0.000531006 0.000674673 0.000851567 0.00107477 0.00136538 0.00175984 0.00232835 0.00322168 0.00480811 0.00811496 -32 
7.02248e-05 1.34791e-08 1.37587e-08 2.13307e-08 2.97991e-08 3.95153e-08 5.09763e-08 6.47429e-08 8.17372e-08 1.03157e-07 1.31075e-07 1.68877e-07 2.23494e-07 3.09208e-07 -3.2418e-07 -0.00409192 -31.9919 
0.00013763 1.32119e-08 -1.44306e-12 6.43465e-12 1.12484e-11 -1.46099e-11 -1.46105e-11 1.92762e-11 3.10427e-11 -3.81418e-11 -3.81415e-11 5.0296e-11 8.83918e-11 -1.1433e-10 -7.86009e-07 -0.00409328 -31.9887 
0.000199512 1.91496e-08 -4.58832e-12 3.53991e-12 6.94642e-16 7.30255e-12 7.30189e-12 1.34768e-15 3.51926e-15 1.90654e-11 1.90654e-11 3.51916e-15 1.05476e-14 5.71369e-11 -7.85843e-07 -0.00409317 -31.9873 
0.000253479 2.43335e-08 -1.80073e-12 3.54023e-12 -3.3235e-16 2.00133e-15 1.3478e-15 4.27926e-19 3.52001e-15 -7.03895e-15 -7.03827e-15 3.51851e-15 -1.29706e-18 1.05489e-14 -7.85887e-07 -0.00409312 -31.9865 
0.000297517 2.85561e-08 -7.01791e-12 5.27861e-12 -1.12319e-15 9.74337e-16 -1.79556e-19 1.79563e-19 6.48492e-19 3.51846e-15 3.51845e-15 1.29645e-18 6.47925e-19 2.39144e-22 -7.85889e-07 -0.00409308 -31.9861 
0.000330079 3.16849e-08 -4.34616e-12 5.27841e-12 -1.3186e-15 1.1465e-15 -1.47834e-19 1.79545e-19 6.48475e-19 -1.29689e-18 -1.29693e-18 6.48762e-19 2.39184e-22 -6.61633e-26 -7.85886e-07 -0.00409307 -31.9859 
0.000350048 3.35993e-08 -7.14342e-12 6.211e-12 -1.14644e-15 1.14641e-15 -2.42982e-19 2.11267e-19 8.06108e-23 6.48196e-19 6.48156e-19 1.19544e-22 -4.40845e-26 6.61275e-26 -7.85887e-07 -0.00409306 -31.9857 
0.000356776 3.42461e-08 -6.21093e-12 6.211e-12 -1.14646e-15 1.14644e-15 -2.11264e-19 2.11341e-19 3.61089e-23 1.58523e-22 1.19545e-22 4.3071e-26 2.20383e-26 1.86274e-29 -7.85888e-07 -0.00409305 -31.9857 
0.000350042 3.35997e-08 -6.21114e-12 6.2109e-12 -1.31845e-15 1.14642e-15 -2.11196e-19 6.18135e-19 4.06828e-19 1.14021e-22 -2.10262e-26 3.48676e-26 1.3835e-26 6.4306e-30 -7.85889e-07 -0.00409306 -31.9857 
0.000330064 3.16807e-08 -7.14352e-12 6.21141e-12 -8.02321e-16 9.74336e-16 1.64135e-19 -6.02834e-19 -8.14142e-19 4.07203e-19 7.50573e-23 -6.65628e-27 -2.76889e-26 1.95821e-22 -7.85898e-07 -0.00409308 -31.9859 
0.000297501 2.85573e-08 -4.3467e-12 5.27896e-12 -9.74402e-16 9.74506e-16 3.34121e-19 2.20882e-15 2.20864e-15 4.06977e-19 -1.50134e-22 7.50706e-23 1.95792e-22 1.06131e-18 -7.859e-07 -0.0040931 -31.9861 
0.000253452 2.43258e-08 -7.01818e-12 5.27937e-12 -5.67646e-16 9.74249e-16 2.20912e-15 -4.41821e-15 -4.41848e-15 2.20984e-15 4.06944e-19 5.76226e-15 5.76333e-15 -2.12354e-18 -7.85927e-07 -0.00409315 -31.9865 
0.000199492 1.91506e-08 -1.80015e-12 7.48181e-12 3.94108e-12 1.381e-15 2.2092e-15 1.19678e-11 1.19678e-11 2.20862e-15 5.76143e-15 3.12118e-11 3.12119e-11 5.76107e-15 -7.85931e-07 -0.00409324 -31.9873 
0.000137609 1.32067e-08 -6.45217e-13 -4.34636e-12 -7.8871e-12 1.1249e-11 1.9277e-11 -2.3942e-11 -2.39422e-11 3.10419e-11 5.0299e-11 -6.24514e-11 -6.24521e-11 8.83915e-11 -7.85697e-07 -0.00409342 -31.9887 
7.02155e-05 1.34784e-08 1.37583e-08 2.1333e-08 2.98022e-08 3.9509e-08 5.09697e-08 6.47532e-08 8.17487e-08 1.03142e-07 1.31059e-07 1.68906e-07 2.23528e-07 3.09171e-07 -3.24315e-07 -0.00409225 -31.9919 
8.67362e-19 7.02155e-05 0.000143307 0.000222262 0.00031043 0.000411719 0.000531012 0.000674653 0.000851559 0.00107481 0.00136541 0.0017598 0.00232836 0.00322183 0.00480827 0.00811514 -32 
]; 
 subplot(1,2,1); surf(A); 
B = [-2.6957e-14 -2.6957e-14 -2.6957e-14 -4.26599e-14 -4.26599e-14 -7.90282e-14 -7.90282e-14 -1.29482e-13 -1.29482e-13 -2.06307e-13 -2.06307e-13 -3.37743e-13 -3.37743e-13 -6.18401e-13 -6.18401e-13 8.18383e-09 8.18383e-09 
-2.6957e-14 -1.37158e-07 -2.79927e-07 -4.34142e-07 -6.06326e-07 -8.04118e-07 -1.03712e-06 -1.31772e-06 -1.66322e-06 -2.09917e-06 -2.66675e-06 -3.43719e-06 -4.54757e-06 -6.29235e-06 -9.39085e-06 -1.58414e-05 8.18383e-09 
-2.6957e-14 -2.68809e-07 -5.48515e-07 -8.50481e-07 -1.18721e-06 -1.57334e-06 -2.02696e-06 -2.57105e-06 -3.23649e-06 -4.0675e-06 -5.13147e-06 -6.53575e-06 -8.46204e-06 -1.12334e-05 -1.54321e-05 -2.20228e-05 8.18635e-09 
-3.82979e-14 -3.89671e-07 -7.94948e-07 -1.23206e-06 -1.7187e-06 -2.27537e-06 -2.92663e-06 -3.70304e-06 -4.6442e-06 -5.80367e-06 -7.2567e-06 -9.11229e-06 -1.15314e-05 -1.47496e-05 -1.90837e-05 -2.48482e-05 8.18635e-09 
-3.82979e-14 -4.95077e-07 -1.0097e-06 -1.56411e-06 -2.18018e-06 -2.88281e-06 -3.70115e-06 -4.67027e-06 -5.83362e-06 -7.24628e-06 -8.97938e-06 -1.11253e-05 -1.38019e-05 -1.71497e-05 -2.13051e-05 -2.63164e-05 8.18617e-09 
-5.71105e-14 -5.81088e-07 -1.18481e-06 -1.8345e-06 -2.55509e-06 -3.37456e-06 -4.32489e-06 -5.44329e-06 -6.77372e-06 -8.36844e-06 -1.02893e-05 -1.26076e-05 -1.54011e-05 -1.87422e-05 -2.26707e-05 -2.71434e-05 8.18617e-09 
-5.71105e-14 -6.44686e-07 -1.31419e-06 -2.03399e-06 -2.83111e-06 -3.73547e-06 -4.78056e-06 -6.00428e-06 -7.44955e-06 -9.16452e-06 -1.12016e-05 -1.36148e-05 -1.64528e-05 -1.97472e-05 -2.3492e-05 -2.76174e-05 8.18611e-09 
-6.71965e-14 -6.83688e-07 -1.3935e-06 -2.15618e-06 -2.9999e-06 -3.95565e-06 -5.05761e-06 -6.34371e-06 -7.8557e-06 -9.63847e-06 -1.1738e-05 -1.4197e-05 -1.7048e-05 -2.03018e-05 -2.39328e-05 -2.78655e-05 8.18611e-09 
-6.71965e-14 -6.96829e-07 -1.42021e-06 -2.19731e-06 -3.05668e-06 -4.02962e-06 -5.15052e-06 -6.45726e-06 -7.99109e-06 -9.7957e-06 -1.19147e-05 -1.43874e-05 -1.72406e-05 -2.0479e-05 -2.40719e-05 -2.7943e-05 8.18612e-09 
-6.71972e-14 -6.83677e-07 -1.39349e-06 -2.15616e-06 -2.9999e-06 -3.95565e-06 -5.05761e-06 -6.34371e-06 -7.85571e-06 -9.63848e-06 -1.1738e-05 -1.41971e-05 -1.70481e-05 -2.03018e-05 -2.39329e-05 -2.78656e-05 8.18612e-09 
-6.71972e-14 -6.44656e-07 -1.31415e-06 -2.03397e-06 -2.8311e-06 -3.73546e-06 -4.78056e-06 -6.00428e-06 -7.44957e-06 -9.16454e-06 -1.12017e-05 -1.36148e-05 -1.64528e-05 -1.97473e-05 -2.34922e-05 -2.76176e-05 8.18621e-09 
-5.71128e-14 -5.81056e-07 -1.18477e-06 -1.83447e-06 -2.55507e-06 -3.37455e-06 -4.32489e-06 -5.44329e-06 -6.77374e-06 -8.36848e-06 -1.02893e-05 -1.26077e-05 -1.54012e-05 -1.87423e-05 -2.26709e-05 -2.71436e-05 8.18621e-09 
-5.71128e-14 -4.95024e-07 -1.00963e-06 -1.56406e-06 -2.18015e-06 -2.88281e-06 -3.70115e-06 -4.67027e-06 -5.83363e-06 -7.24633e-06 -8.97944e-06 -1.11253e-05 -1.3802e-05 -1.71499e-05 -2.13054e-05 -2.63168e-05 8.18648e-09 
-3.82999e-14 -3.89633e-07 -7.9489e-07 -1.232e-06 -1.71867e-06 -2.27539e-06 -2.92664e-06 -3.703e-06 -4.6442e-06 -5.80377e-06 -7.25679e-06 -9.11225e-06 -1.15315e-05 -1.47499e-05 -1.9084e-05 -2.48481e-05 8.18648e-09 
-3.82999e-14 -2.68767e-07 -5.48447e-07 -8.50386e-07 -1.18716e-06 -1.57343e-06 -2.02702e-06 -2.5709e-06 -3.23639e-06 -4.06777e-06 -5.13169e-06 -6.5354e-06 -8.46186e-06 -1.12343e-05 -1.54327e-05 -2.20212e-05 8.18451e-09 
-2.69557e-14 -1.3714e-07 -2.79897e-07 -4.34106e-07 -6.06308e-07 -8.04139e-07 -1.03713e-06 -1.31768e-06 -1.6632e-06 -2.09924e-06 -2.66681e-06 -3.43712e-06 -4.54757e-06 -6.29265e-06 -9.39115e-06 -1.58417e-05 8.18451e-09 
-2.69557e-14 -2.69557e-14 -2.69557e-14 -4.26645e-14 -4.26645e-14 -7.90154e-14 -7.90154e-14 -1.29503e-13 -1.29503e-13 -2.06277e-13 -2.06277e-13 -3.37802e-13 -3.37802e-13 -6.18324e-13 -6.18324e-13 8.18451e-09 8.18451e-09 
]; 
 subplot(1,2,2); surf(B); drawnow; pause(0.5); 
